2896
2900
2956
2969
3002
2875
2969
3024
2982
2951
2880
2979
2994
2932
2961
2956
2989
2979
2907
2935
2963
3011
2950
2950
2968
2964
2983
2868
2960
3009
2951
2995
2922
2920
3013
2875
2956
2965
2968
3039
2893
2931
2975
2956
2959
2935
2977
2996
2951
2931
2914
3004
2972
2956
2959
2938
3012
2927
2925
2976
2957
3009
2955
2910
2991
2924
2958
2933
2936
3031
2949
2947
2933
2955
2988
2924
2955
2984
2948
2995
2885
2970
3001
2923
3002
2890
2953
2989
2919
2942
2975
2996
2970
2910
2934
2946
2997
2946
2934
3005
2946
2988
2919
2899
3014
2966
2970
2957
2957
3007
2919
2934
2949
2980
3018
2911
2967
2960
2947
2976
2869
2963
3076
2951
2936
2898
2956
3019
2939
2891
2966
3037
2936
2909
2945
2942
3029
2944
2930
2994
2949
2967
2903
2949
3031
2934
2994
2905
2959
2996
2879
2963
2981
2984
2968
2898
2935
2990
2959
2946
2963
3006
2945
2980
2885
2942
3034
2929
2998
2939
2956
3017
2879
2931
3000
2991
3005
2896
2939
2972
3002
2955
2924
3015
2969
2973
2918
2917
3018
2990
2965
2944
2935
2995
2928
2953
2965
2984
3016
2888
2946
2974
2939
2994
2927
2981
3019
2938
2951
2901
2975
3008
2943
2960
2957
2997
2928
2916
2954
2985
3013
2925
2950
2979
2931
2981
2916
2960
3059
2925
2955
2932
2931
3025
2937
2954
2989
2959
2972
2892
2931
3009
2991
2948
2908
2983
2987
2922
2919
2961
3030
2978
2915
2923
2961
3017
2942
2921
3013
2968
2974
2894
2941
3033
2940
2970
2945
2952
3006
2906
2937
2983
2947
3040
2889
2936
2977
2936
2988
2941
2948
3031
2898
2936
2975
2934
3041
2931
2943
2976
2930
2973
2923
2951
3039
2945
2944
2929
2939
3020
2931
2948
2983
2971
2972
2889
2925
3022
2960
2968
2933
2966
2998
2906
2950
2954
2987
3004
2930
2941
2966
2945
2954
2945
2976
3000
2969
2941
2931
2971
2955
2983
2941
2963
3006
2929
2936
2938
2946
3041
2927
2930
2989
2927
2989
2906
2953
3046
2927
2964
2928
2935
3022
2909
2985
2991
2946
2987
2879
2964
3003
2955
2983
2902
2966
3014
2905
2933
2954
3012
3002
2868
2915
2957
3007
2959
2899
2974
2978
2968
2897
2908
3036
2988
2939
2952
2933
3007
2925
2918
2985
2983
3002
2906
2904
2999
2974
2967
2938
2950
3039
2897
2916
2949
2986
3007
2927
2945
2985
2915
2956
2921
2960
3028
2955
2948
2898
2945
2990
2942
2939
2965
3005
2956
2920
2928
2949
3008
2962
2919
2993
2942
2979
2927
2924
3032
2968
2955
2947
2923
3007
2936
2931
2987
2971
3008
2894
2914
2996
2969
2972
2940
2965
2991
2920
2934
2949
2983
3002
2925
2945
2945
2967
2941
2930
2996
2969
2970
2919
2915
2999
2939
2993
2956
2925
3000
2900
2965
2969
2934
3037
2899
2930
2990
2932
3001
2893
2950
3052
2925
2931
2895
2978
3040
2952
2927
2946
3001
2940
2935
2937
3002
3030
2918
2921
2965
2962
2987
2896
2972
3010
2951
2939
2904
3001
2959
2988
2949
2945
2993
2921
2951
2932
2950
3058
2920
2932
2959
2939
2994
2879
2990
3014
2971
2936
2894
2997
2962
2972
2938
2945
3024
2923
2928
2943
2937
3023
2935
2939
2954
2969
2957
2943
2962
2988
3005
2910
2938
2956
2964
2979
2929
2972
2994
2940
2915
2930
2990
2970
2995
2935
2929
2977
2918
2973
2938
2996
3004
2905
2940
2938
3007
2950
2953
2985
2940
2993
2890
2945
3006
2939
3010
2908
2955
2969
2927
2993
2922
3007
2969
2949
2936
2912
3040
2927
2941
2968
2968
3036
2849
2903
3030
2983
2981
2887
2970
2995
2957
2920
2952
2996
2979
2973
2898
2932
2986
2935
2957
2943
2984
3007
2906
2923
2942
3024
2955
2921
2982
2954
3013
2882
2946
3029
2945
2980
2899
2930
3031
2904
2978
2955
2991
3009
2886
2941
2941
2997
2952
2948
2969
2957
2978
2903
2930
2986
2969
2991
2906
2940
2990
2949
2961
2935
3011
2956
2930
2927
2923
3036
2944
2952
2958
2934
3013
2898
2959
3024
2957
2980
2887
2951
2980
2958
2945
2954
3003
2947
2948
2892
2975
3018
2927
2986
2942
2948
2971
2901
2985
2970
2984
2970
2919
2960
2946
2979
2930
2980
3002
2946
2977
2900
2956
2969
2940
2982
2934
2997
2951
2895
2926
2945
3053
2934
2921
2951
2965
3007
2904
2938
3002
3006
2936
2908
2951
2959
3007
2941
2932
3031
2945
2961
2889
2930
3057
2943
2953
2930
2962
2957
2946
2924
2971
3023
2922
2915
2968
2935
3024
2941
2935
3027
2933
2965
2902
2954
3016
2986
2944
2938
2988
2944
2952
2908
2970
3057
2922
2937
2942
2937
3016
2899
2975
3000
2947
2959
2879
2970
3012
2965
2951
2950
2984
2949
2939
2909
2967
3034
2929
2966
2942
2934
3015
2889
2956
3016
2971
2959
2903
2942
2986
2973
2941
2955
3007
2948
2940
2920
2932
3043
2932
2958
2984
2942
3000
2889
2936
3021
2950
2994
2922
2942
2995
2918
2954
2960
2999
2997
2921
2890
2956
3010
2929
2925
2980
2992
3007
2871
2885
3032
2949
2989
2912
2941
3030
2912
2919
2929
2993
3017
2916
2933
2951
2978
2979
2886
3001
2990
2973
2943
2885
2998
2959
2951
2955
2951
3014
2943
2906
2961
2954
3034
2925
2934
2979
2931
2995
2924
2964
2996
2951
2954
2891
2959
3001
2935
2975
2955
2993
2962
2891
2973
2959
2999
2933
2970
2966
2953
2978
2877
2941
3030
2936
2996
2928
2945
2997
2889
2952
2971
3001
2973
2909
2920
2940
2994
2930
2956
3005
2941
2998
2900
2917
3027
2934
2990
2948
2964
2999
2912
2931
2952
3007
2980
2942
2951
2928
2997
2939
2920
3007
2961
2994
2916
2918
2972
2962
2993
2895
2965
3017
2916
2930
2922
3005
3030
2921
2921
2950
2989
2942
2946
2953
2971
3014
2872
2940
3003
2949
3003
2912
2950
3017
2909
2937
2967
3002
2995
2923
2914
2937
3047
2917
2954
2989
2964
3034
2887
2908
2997
2997
2980
2914
2955
3003
2921
2972
2924
2984
2996
2934
2925
2943
2997
2928
2950
2973
2962
3018
2889
2887
3002
2936
2981
2930
2970
2992
2907
2968
2898
3009
3013
2956
2946
2919
2964
2970
2939
2962
2961
2987
2903
2933
3049
2918
3020
2953
2949
3003
2918
2940
2942
2994
3019
2918
2938
2934
2968
2995
2916
2984
2991
2970
2943
2914
2956
2970
2991
2947
2931
2980
2899
2954
2977
2943
3023
2942
2911
2966
2963
3006
2902
2963
3022
2972
2949
2874
3005
3078
2920
2930
2918
2969
3009
2941
2933
2974
3000
2928
2896
2959
2939
2984
2930
2900
2980
2903
2910
2881
2941
3007
2895
2934
2913
2932
3015
2919
2941
3047
2963
3012
2931
2985
3048
3077
3031
2989
3046
3050
2994
3055
3063
3069
3071
2962
2994
3014
3014
2930
2928
2976
2914
2888
2816
2802
2900
2813
2779
2754
2666
2819
2725
2784
2788
2787
2853
2759
2829
2891
2888
2981
2970
3015
3092
3059
3028
3181
3293
3263
3251
3293
3263
3368
3245
3301
3337
3292
3262
3162
3152
3168
3068
3052
2907
2854
2859
2678
2680
2623
2554
2474
2381
2382
2391
2387
2363
2317
2398
2396
2461
2500
2534
2709
2763
2833
2847
3024
3211
3181
3322
3424
3517
3664
3578
3659
3788
3807
3806
3736
3773
3730
3698
3583
3481
3509
3353
3213
3030
2934
2881
2695
2587
2443
2341
2294
2034
2084
2037
2003
2001
1899
1955
1991
2026
2036
2190
2331
2397
2517
2563
2759
3028
3061
3223
3367
3499
3645
3679
3816
3897
4041
4011
3975
4057
3999
4025
3929
3874
3838
3699
3607
3424
3388
3270
3049
2924
2732
2673
2516
2369
2255
2168
2118
1967
1933
1877
1938
1976
1857
1917
1960
2032
2171
2176
2324
2435
2535
2610
2786
2967
3027
3239
3263
3411
3570
3611
3714
3812
3936
3909
3939
3944
3930
4030
3915
3879
3832
3736
3680
3525
3483
3374
3303
3106
2951
2882
2736
2664
2430
2381
2363
2211
2087
1950
2054
2019
1947
1892
1911
2034
1992
2066
2110
2249
2380
2383
2545
2633
2875
2958
3037
3175
3311
3479
3493
3678
3750
3853
3901
3879
3961
4026
4029
3920
3894
3876
3798
3762
3565
3547
3450
3264
3128
2985
2934
2762
2692
2462
2435
2361
2167
2166
2091
2101
1995
1958
1957
2019
2093
2048
2146
2182
2311
2395
2439
2587
2728
2871
2892
3052
3149
3293
3415
3430
3568
3599
3715
3683
3764
3806
3821
3842
3722
3775
3716
3694
3595
3570
3504
3374
3293
3126
3145
3035
2915
2778
2663
2635
2497
2443
2341
2346
2274
2187
2128
2082
2222
2124
2172
2172
2229
2310
2297
2386
2507
2689
2663
2767
2834
3008
3215
3168
3273
3426
3542
3540
3606
3662
3747
3854
3706
3764
3786
3754
3736
3638
3615
3512
3457
3260
3222
3164
3032
2919
2726
2698
2567
2554
2391
2338
2350
2190
2191
2135
2210
2242
2253
2212
2268
2364
2397
2532
2536
2695
2826
2828
2968
3015
3196
3235
3284
3342
3400
3490
3450
3552
3519
3574
3520
3448
3492
3421
3467
3343
3322
3297
3219
3147
3069
3073
2968
2969
2878
2804
2829
2683
2733
2662
2688
2695
2602
2631
2612
2660
2635
2695
2627
2647
2712
2613
2714
2704
2747
2751
2718
2786
2789
2873
2855
2908
2941
2944
3010
2986
3106
3116
3156
3192
3150
3276
3244
3332
3319
3341
3407
3311
3335
3345
3407
3386
3280
3199
3205
3261
3093
3048
2995
2943
2950
2706
2735
2719
2648
2628
2461
2500
2479
2433
2418
2430
2489
2453
2471
2472
2556
2676
2663
2745
2769
2881
2970
2981
3119
3156
3310
3250
3281
3382
3383
3479
3417
3418
3486
3414
3440
3372
3359
3374
3261
3218
3147
3154
3103
3034
2967
2903
2892
2773
2753
2710
2690
2737
2588
2573
2577
2522
2624
2505
2568
2608
2532
2607
2535
2639
2698
2641
2708
2717
2808
2851
2834
2962
3000
3056
3072
3091
3228
3263
3329
3298
3356
3453
3434
3456
3472
3517
3533
3436
3441
3420
3439
3395
3257
3237
3155
3098
2980
2900
2870
2731
2638
2512
2450
2469
2349
2289
2202
2224
2292
2134
2232
2298
2326
2419
2308
2502
2690
2692
2833
2860
3028
3212
3203
3335
3448
3585
3632
3621
3656
3754
3834
3738
3726
3714
3653
3639
3473
3431
3452
3237
3192
2983
2942
2933
2691
2654
2539
2494
2438
2254
2291
2318
2284
2263
2171
2282
2292
2348
2414
2447
2573
2580
2677
2725
2831
2987
2998
3066
3116
3192
3286
3276
3371
3396
3445
3437
3407
3523
3475
3521
3431
3392
3442
3351
3378
3322
3253
3264
3119
3087
3090
3037
3023
2869
2844
2792
2749
2721
2660
2620
2550
2500
2450
2442
2475
2443
2444
2374
2405
2492
2494
2559
2555
2643
2709
2743
2822
2895
3049
3055
3121
3209
3263
3424
3391
3459
3568
3519
3593
3509
3561
3701
3543
3470
3391
3409
3371
3237
3101
3077
3023
2835
2751
2654
2656
2648
2422
2400
2403
2395
2387
2294
2413
2423
2463
2409
2492
2661
2663
2798
2775
2899
3050
3017
3146
3225
3290
3368
3290
3366
3386
3461
3390
3350
3334
3295
3302
3169
3211
3132
3073
2983
2908
2933
2854
2871
2752
2720
2750
2668
2758
2702
2732
2796
2696
2770
2791
2895
2904
2909
2912
2943
3044
3015
3047
3050
3064
3068
3037
3032
3077
3089
2977
2969
2963
2962
2985
2882
2938
2900
2881
2870
2824
2948
2898
2930
2862
2879
2986
2952
2983
2978
3028
3010
3026
2995
3042
3148
3033
3065
3008
3031
3081
2965
3025
2986
2991
2918
2868
2920
2901
2951
2786
2818
2907
2863
2860
2828
2893
2943
2942
2859
2940
3027
3024
3051
2978
3048
3085
3068
3092
3036
3112
3006
3004
2991
2985
3046
2892
2884
2847
2895
2823
2830
2815
2799
2863
2706
2804
2851
2850
2891
2818
2887
2942
2993
2995
3031
3107
3077
3133
3113
3199
3214
3216
3156
3127
3213
3107
3176
3068
3042
3025
2920
2918
2878
2879
2787
2758
2664
2709
2743
2630
2713
2658
2713
2709
2698
2761
2840
2914
2855
2955
2966
3077
3120
3108
3195
3195
3257
3184
3239
3229
3281
3252
3158
3177
3086
3139
3022
3013
2975
2930
2847
2804
2808
2749
2819
2682
2697
2708
2694
2718
2740
2791
2779
2838
2772
2903
2953
2972
2976
2997
3081
3095
3120
3036
3156
3196
3159
3051
3034
3173
3112
3079
2973
3005
2973
2991
2903
2884
2964
2838
2875
2829
2867
2894
2923
2816
2886
2966
2892
2973
2943
3045
3004
3023
2975
3044
3082
3027
3019
2965
3031
2967
2992
2933
2922
2951
2828
2836
2838
2880
2801
2812
2770
2787
2873
2782
2868
2889
2925
2915
2931
2957
3032
3150
3046
3146
3149
3209
3186
3164
3247
3226
3238
3135
3138
3110
3112
3038
2985
2987
2889
2896
2744
2744
2786
2703
2703
2603
2636
2660
2657
2628
2685
2775
2696
2789
2767
2916
2976
2957
3027
3025
3158
3167
3210
3217
3264
3297
3238
3261
3237
3315
3224
3149
3154
3064
3118
2998
2968
2965
2876
2845
2746
2762
2789
2820
2659
2673
2738
2712
2786
2687
2784
2843
2804
2810
2839
2971
2963
2979
2959
2992
3061
3043
3037
3044
3117
3074
3033
3042
3020
3130
3001
3008
2983
3000
2972
2925
3011
2971
3020
2902
2928
2978
3013
3015
2951
2996
2985
3047
2992
2983
3095
3024
3029
2938
2958
3003
2971
2934
2906
2924
2833
2874
2753
2818
2880
2749
2782
2716
2788
2807
2789
2800
2827
2892
2850
2924
2930
3034
3054
3032
3093
3097
3185
3170
3201
3206
3193
3202
3148
3216
3154
3173
3069
3006
3048
2971
2980
2868
2888
2830
2792
2704
2730
2789
2691
2747
2661
2724
2767
2746
2801
2816
2893
2883
2937
2945
3052
3123
3074
3093
3099
3237
3189
3168
3141
3168
3223
3070
3044
3035
3115
2984
2920
2875
2842
2922
2783
2775
2772
2794
2706
2711
2772
2771
2866
2752
2807
2884
2908
2920
2971
3050
3053
3143
3041
3110
3245
3218
3199
3161
3200
3164
3206
3059
3100
3136
3012
3002
2894
2900
2865
2903
2751
2759
2787
2698
2745
2710
2765
2723
2750
2703
2791
2887
2819
2887
2881
2946
2987
3027
3007
3058
3154
3064
3132
3120
3145
3155
3124
3108
3074
3125
2998
3071
3051
3006
2999
2906
2928
2933
2987
2866
2891
2871
2881
2956
2856
2915
2929
2919
2904
2922
2971
2956
2998
2909
2954
2999
2923
2996
2949
2958
2919
2913
2874
2878
2975
2856
2858
2820
2833
2927
2827
2839
2925
2928
2879
2871
2963
3001
3078
2969
3005
3128
3062
3150
3093
3133
3218
3110
3108
3115
3144
3141
3048
3005
3016
3011
2931
2903
2914
2831
2863
2722
2770
2811
2728
2781
2651
2704
2817
2733
2782
2816
2857
2920
2841
2914
3001
3066
3060
3052
3096
3120
3202
3136
3155
3204
3146
3164
3087
3092
3163
3012
3016
2929
2950
2993
2816
2865
2836
2824
2828
2731
2823
2814
2783
2801
2750
2859
2854
2880
2941
2892
2996
2960
2992
3066
3072
3139
3063
3064
3124
3123
3141
3048
3082
3073
3031
3022
2936
3012
2963
2914
2880
2818
2881
2852
2844
2821
2818
2877
2806
2827
2880
2925
2910
2890
2923
2951
3057
2946
3006
3070
3040
3081
2947
3057
3132
3093
2980
2964
3021
3013
3015
2879
2939
2941
2909
2863
2842
2936
2879
2880
2818
2874
2924
2911
2913
2904
3018
2940
2996
3023
3056
3073
3039
2995
3041
3173
3036
3074
3005
3053
3028
2988
2922
2975
2989
2894
2859
2809
2915
2820
2843
2772
2795
2804
2850
2791
2839
2904
2863
2900
2880
2980
3001
3048
2989
3080
3079
3141
3117
3132
3180
3133
3107
3075
3162
3071
3101
3000
2998
2962
2987
2875
2899
2902
2830
2820
2754
2784
2803
2842
2720
2788
2782
2852
2822
2849
2918
2925
2943
2943
2985
3002
3152
3032
3077
3083
3105
3100
3102
3118
3086
3093
3003
3071
3006
3042
2962
2931
2921
2932
2887
2828
2869
2874
2935
2746
2802
2916
2949
2853
2866
2883
2925
3034
2919
2968
3020
3018
2988
3005
3044
3062
3084
2956
3006
3031
3059
2990
2941
3005
2909
2947
2879
2928
2924
2932
2840
2854
2938
2854
2965
2849
2922
2951
2962
2918
3003
3052
2975
3027
2955
3069
3097
3049
3013
3032
3050
3003
3045
2965
3004
2998
2927
2924
2886
2950
2889
2877
2830
2858
2866
2805
2896
2846
2912
2844
2878
2924
2944
2989
2952
3010
2981
3100
3024
3053
3122
3094
3111
3028
3063
3077
3123
3020
2995
3005
2939
3006
2910
2898
2912
2853
2818
2810
2861
2795
2855
2756
2803
2879
2817
2887
2860
2928
2914
2961
2934
3026
3108
3018
3054
3024
3130
3174
3102
3070
3101
3141
3037
3045
3021
3069
3056
2904
2923
2904
2968
2857
2837
2853
2809
2835
2763
2850
2825
2879
2791
2790
2901
2884
2963
2868
2942
2996
3025
2973
3025
3097
3035
3074
3000
3044
3152
3069
3043
3008
3028
3010
3026
2947
2955
3023
2880
2925
2873
2925
2940
2895
2885
2873
2916
2862
2958
2904
2963
2961
2893
2962
2959
3068
2981
2986
3002
3006
2998
3007
3033
2976
3020
2905
2977
2968
2939
2942
2868
2894
2861
2907
2850
2885
2876
2877
2854
2866
2949
2905
3002
2882
2958
3015
3016
3013
3040
3076
3038
3097
3002
3119
3094
3098
3037
3006
3051
3039
3021
2943
2976
2917
2970
2855
2876
2938
2874
2809
2784
2835
2872
2928
2763
2847
2882
2931
2877
2896
2990
2981
2978
2943
3006
3041
3128
3004
3049
3075
3042
3036
3032
3052
3030
3045
2918
2968
2989
2978
2903
2884
2913
2895
2874
2839
2904
2902
2925
2831
2853
2940
2981
2930
2928
2979
2937
3043
2989
3021
3050
3074
2985
3034
3042
3057
3082
2983
3026
2952
2996
2939
2965
2940
2929
2845
2849
2914
2860
2909
2789
2836
2852
2918
2849
2899
2909
2890
2953
2906
2985
3003
3044
2947
3017
3029
3080
3098
3038
3073
3020
3071
2998
3065
3018
3038
2946
2924
2989
2944
2959
2874
2887
2887
2917
2830
2884
2928
2860
2907
2844
2899
2936
2975
2916
2935
2954
2962
3010
2937
3034
3059
3027
2934
2973
3087
3026
3016
2913
2992
2967
2989
2932
2920
2994
2887
2882
2853
2942
2909
2909
2858
2869
2993
2870
2926
2944
2987
2991
2950
2936
3017
3098
3000
3020
2988
3022
3108
2978
3020
3016
3036
2951
2934
2988
2969
2974
2863
2894
2880
2942
2881
2854
2877
2833
2916
2838
2874
2944
2893
2916
2889
2948
2997
3010
2952
2981
3048
2992
3066
3006
3071
3080
3007
3049
2991
3075
3013
3000
2965
2933
2973
2919
2924
2909
2920
2858
2852
2882
2866
2946
2845
2874
2900
2865
2976
2891
2957
2981
2957
2962
2959
3059
3029
3048
2997
3024
3042
3029
3062
3007
3050
2995
2974
2996
2942
3016
2927
2908
2904
2905
2940
2853
2877
2912
2936
2825
2853
2937
2903
3001
2829
2930
2990
2943
3004
2952
3035
3021
3004
2999
2996
3111
3022
3007
2982
2959
3058
2974
2958
2949
2988
2912
2942
2898
2927
2981
2815
2892
2881
2961
2929
2892
2921
2928
2963
2910
2967
2994
2980
2991
2948
3028
3005
3058
3008
2985
3046
2962
3020
2986
3012
2993
2955
2902
2912
2980
2908
2943
2852
2904
2899
2902
2883
2874
2953
2857
2919
2891
2919
2999
2941
2967
2946
3014
2994
3011
3007
3045
3068
2981
3034
3001
3083
3008
2995
3008
2951
2991
2937
2959
2926
2995
2866
2891
2897
2873
2946
2871
2901
2868
2908
2871
2912
2929
2942
2936
2919
2956
2969
3065
2927
2988
3014
3037
3010
2958
3049
3024
3045
2890
2953
3080
3006
2928
2903
2940
2948
2971
2857
2927
2947
2920
2877
2853
2985
2937
2956
2871
2915
2974
3007
2941
2953
3035
2933
3010
2933
3036
3061
3019
2959
2957
3036
2979
2985
2916
2966
2934
2947
2878
2921
2999
2879
2899
2827
2915
2925
2895
2933
2904
2954
2894
2927
2947
3005
3006
2949
2959
2973
3102
2992
3007
3042
3025
3037
2989
3010
2983
3064
2957
2972
2954
2907
2989
2910
2918
2912
2921
2845
2890
2916
2895
2943
2836
2912
2919
2929
2953
2937
2997
2920
2991
2966
2986
3061
2995
3001
2977
3046
3015
3062
2989
3000
3013
2938
3020
2958
2997
2943
2906
2906
2927
2997
2865
2874
2885
2944
2908
2854
2916
2945
3004
2863
2895
2987
3019
2997
2932
2965
2993
3065
2943
3020
3062
2989
3013
2896
3003
3028
3030
2925
2914
2984
2920
2930
2896
2953
2932
2929
2837
2896
2962
2886
2943
2879
2922
2977
2908
2948
2963
3018
2946
2979
2947
3023
3048
2981
3029
2972
3054
2963
2992
3008
3004
2996
2921
2923
2942
3028
2902
2941
2904
2919
2944
2839
2937
2925
2955
2889
2891
2947
2914
2990
2944
2962
2962
2972
2949
2983
3022
2994
3031
2941
3008
2981
3035
2989
2950
3006
2922
2983
2932
2973
2962
2940
2879
2905
2962
2891
2954
2880
2919
2920
2917
2923
2956
2996
2939
2951
2914
3012
2988
3008
2971
2968
3066
2951
2980
2983
3029
3048
2964
2891
2964
3049
2920
2962
2907
2967
2922
2879
2891
2906
2999
2879
2895
2890
2958
2905
2942
2932
2930
3018
2888
2935
2985
3072
2962
2996
2953
3000
3047
2940
2991
3014
3042
2941
2959
2922
2995
2998
2928
2936
2901
2974
2900
2907
2936
2936
2912
2890
2902
2923
3030
2909
2943
2935
2965
2986
2959
2994
2993
3012
2936
2997
2987
3053
2998
2964
2989
2951
3006
2955
2990
2929
2981
2878
2934
2966
2918
2936
2873
2894
2899
2982
2859
2945
2941
2948
2931
2900
2970
2993
3018
2936
2985
2968
3052
2971
3001
3041
3005
3025
2950
2982
3004
3042
2945
2968
2940
2961
2957
2893
2953
2951
2971
2840
2866
2936
2985
2896
2879
2921
2915
2989
2896
2941
2985
3032
2891
2936
3016
2995
3029
2971
2989
2980
3019
2916
2996
3040
2992
2969
2896
2971
2953
2994
2897
2933
2930
2958
2874
2894
2978
2927
2978
2839
2932
2962
2999
2913
2958
2963
2964
2995
2937
3030
2985
3030
2943
2960
3015
3046
3002
2951
2983
2937
3036
2933
2943
3000
2940
2895
2908
2957
2915
2990
2886
2902
2937
2908
2940
2936
2976
2930
2955
2895
2987
2994
2954
2988
2944
3020
2959
2993
2963
3011
3009
2967
2945
2931
3058
2949
2975
2932
2944
2969
2928
2916
2919
3006
2910
2930
2917
2901
2998
2936
2955
2941
2959
2932
2967
2977
2957
3056
2891
2940
3017
2986
2997
2959
2998
2989
3017
2866
2964
3044
2965
2977
2859
2942
2974
2940
2898
2925
2973
2919
2924
2862
2973
3011
2916
2919
2914
3007
2975
2947
2964
2947
3039
2935
2973
2984
3045
3007
2916
2961
2957
3031
2961
2937
2977
2929
2949
2910
2953
2967
2928
2938
2883
2953
2916
2951
2957
2913
2996
2902
2941
2950
2994
3011
2947
2966
2947
3020
2955
2977
3023
2975
3024
2915
2963
3022
2969
3003
2927
2938
2945
2949
2913
2908
3000
2895
2921
2869
2887
2995
2924
2936
2913
2921
2951
2925
2964
2951
3025
2955
2939
3005
2962
3053
2991
2991
3014
2987
2987
2960
3038
2981
2989
2945
2928
3009
2920
2967
2927
2918
3001
2881
2867
2911
3009
2950
2879
2867
2917
3050
2894
2923
2962
2946
2994
2918
2945
3010
3031
2967
2943
3009
2973
3038
2962
2970
3043
2940
2952
2925
3022
2985
2962
2920
2901
3003
2918
2928
2910
2965
2969
2907
2924
2921
2999
2976
2924
2950
2923
2988
2933
3003
3000
2981
2965
2915
3004
2979
3019
2956
2965
2968
2954
2981
2895
2991
2990
2960
2896
2916
2963
2940
2986
2899
2948
2951
2919
2949
2935
2984
2940
2968
2923
2958
2990
2941
2988
2964
3025
2950
2962
2949
2999
3031
2919
2961
2920
2983
2956
2965
2947
2940
2957
2876
2973
2938
2978
2935
2901
2938
2944
2983
2915
2992
2961
2967
2941
2927
3021
2991
3009
2903
2933
3008
3030
2946
2931
3032
2952
2998
2885
2946
3043
2980
2895
2901
2989
2915
3002
2905
2942
2979
2906
2910
2939
3002
2934
2975
2865
2960
3016
2941
2951
2999
3018
2944
2955
2923
3007
3068
2964
2967
2941
3012
2963
2935
2947
2970
2996
2898
2936
2895
3006
2928
2912
2933
2919
2950
2908
2954
2929
2997
2925
2936
2968
2930
3036
2942
2973
3006
2986
2946
2985
3021
2978
3024
2907
2971
3004
2957
2996
2946
2972
2929
2944
2921
2967
2997
2901
2931
2856
2970
2967
2927
2933
2916
2981
2913
2944
2942
2991
2998
2918
2955
2941
3021
3003
2963
3007
2946
3001
2950
2989
2988
2984
2977
2907
2997
2947
2969
2964
2920
2982
2915
2939
2871
2966
3020
2896
2889
2894
3004
2984
2908
2954
2960
3028
2921
2920
2971
3016
3033
2895
2969
2968
2967
3007
2935
2996
3006
2930
2919
2933
3012
2945
2985
2909
2942
3001
2875
2967
2950
2977
2953
2874
2929
2971
3007
2932
2961
2959
2943
3005
2904
2973
3041
2942
2967
2917
2978
3005
2978
2948
2923
2963
2934
2990
2945
2954
3003
2875
2932
2962
2939
3018
2914
2949
2941
2949
2949
2963
2999
2946
2979
2922
2983
2982
2968
3008
2940
2986
2978
2945
2989
2955
3008
2944
2932
2950
2950
3000
2908
2947
2930
2967
2915
2922
2992
2917
2978
2884
2907
2982
2942
2977
2933
2962
2960
2965
2934
2961
3048
2962
2989
2885
2963
3096
2943
2968
2965
3007
2978
2935
2890
2996
3089
2908
2922
2903
2941
2995
2894
2923
2969
2966
2902
2914
2947
2950
2999
2879
2940
2973
2965
2987
2917
3008
2954
2990
2936
2986
3027
2961
2959
2917
3014
2965
2995
2944
2951
3003
2917
2934
2955
2986
2977
2923
2903
2903
3017
2937
2932
2949
2914
2961
2920
2977
2941
3008
2927
2922
2994
2953
3008
2939
2987
2963
2989
2953
2931
3021
2981
2995
2921
2949
2974
2972
2998
2922
2977
2929
2937
2924
2951
2997
2920
2951
2892
2983
2973
2949
2947
2946
3013
2912
2950
2921
2999
3010
2942
2950
2931
2974
2943
2981
2957
2971
2995
2903
2971
2936
2986
2963
2946
2960
2945
2983
2867
2970
3013
2991
2906
2891
3010
2987
3006
2892
2953
3000
2994
2935
2926
3043
2977
2984
2915
2931
3020
2977
2947
2939
2983
2942
2962
2902
2955
3032
2899
2919
2887
2967
2984
2916
2945
2933
3016
2892
2922
2960
3021
2971
2939
2929
2947
3029
2913
3006
3000
2979
2984
2909
2982
2992
3012
2948
2947
2980
2949
2956
2912
2987
2943
2967
2888
2922
2997
2898
2988
2912
2947
2957
2937
2947
2938
3004
2948
2984
2927
2967
2955
2976
2989
2951
3039
2937
2971
2953
2951
3036
2971
2963
2941
2957
2944
2955
2944
2962
3023
2879
2936
2915
2963
2985
2911
2930
2919
2963
2923
2947
2971
2965
2964
2913
2952
2953
3021
2928
2943
3039
2939
2969
2921
2967
3069
2965
2912
2945
3025
2939
2978
2948
2949
3035
2877
2904
2942
2992
2967
2925
2939
2934
3015
2888
2914
2994
2971
2978
2894
2927
2996
2986
2982
2920
3005
2956
2965
2923
2940
3036
2948
2980
2894
2972
2973
2920
2985
2967
2985
2941
2907
2925
2958
3019
2929
2954
2967
2931
2998
2918
2960
3014
3004
2961
2925
2987
2927
2980
2966
2965
3017
2933
2946
2936
2967
2991
2921
2987
2932
2957
2937
2898
2961
2973
3007
2910
2920
2954
2920
3006
2925
2958
3015
2918
2951
2944
2984
2986
2967
2963
2943
3030
2924
2954
3007
2968
3023
2907
2924
2988
2961
2971
2937
2959
2947
2923
2927
2916
3007
2971
2928
2886
2919
3042
2928
2912
2947
2987
3032
2875
2905
3014
2983
2999
2906
2955
3007
2969
2950
2919
3033
3007
2946
2941
2925
3005
2979
2919
2948
2957
3003
2917
2914
2966
2951
2992
2877
2943
2979
2947
2955
2899
2984
3041
2925
2957
2917
2965
3015
2935
2979
2985
2981
2945
2940
2973
2983
3013
2961
2939
2976
2923
2970
2923
2941
3025
2899
2943
2933
2933
3022
2919
2951
2981
2908
2964
2931
2956
2994
2951
2945
2915
2965
2948
2992
2987
2940
3005
2907
2940
3006
2973
3019
2916
2941
2984
2945
2976
2914
2983
2998
2932
2952
2908
2984
2998
2947
2940
2936
2971
2931
2960
2974
2939
3011
2906
2944
2989
2931
3005
2915
2977
3003
2939
2896
2923
3038
2994
2932
2897
2929
3037
2942
2917
2947
2981
3025
2878
2928
2973
2950
3010
2931
2957
2979
2931
2914
2947
3029
2979
2964
2924
2915
3043
2912
2959
2958
2995
3018
2902
2930
2954
2998
2999
2917
2960
2957
2942
2951
2935
3001
2945
2958
2898
2952
3002
2907
2995
2939
2958
2991
2911
2954
2989
3003
2962
2940
2949
2948
3003
2951
2934
3015
2925
2964
2932
2957
3000
2944
2961
2910
2949
2948
2930
2993
2947
2972
2934
2886
2954
2975
3009
2917
2936
2965
2947
2996
2898
2991
3028
2942
2947
2926
2974
3014
2971
2955
2955
3002
2927
2954
2950
2959
3045
2914
2949
2943
2915
2984
2920
2963
3006
2947
2893
2907
3000
2942
2982
2899
2937
3064
2890
2910
2964
3001
3033
2931
2923
2967
3015
2937
2941
3008
2958
3006
2908
2937
3036
2943
3004
2900
2950
3002
2909
2953
2943
3002
2958
2924
2891
2958
2995
2916
2953
2945
2936
2988
2906
2986
2976
2972
2968
2902
2988
2962
2986
2949
2973
2999
2945
2956
2899
2999
3015
2939
2972
2918
2969
2963
2925
2982
2964
3000
2909
2919
2951
2957
2994
2929
2970
2970
2958
2928
2938
3003
2962
2988
2941
2933
2996
2900
2982
2953
2953
3042
2906
2944
2942
2954
2981
2962
2964
2957
2976
2904
2927
3000
2936
3002
2930
2932
2987
2913
2972
2954
2980
3006
2942
2943
2935
2995
2957
2944
2963
2959
3011
2885
2898
2978
2962
3039
2872
2929
3013
2908
2993
2900
2957
3035
2914
2923
2921
3001
3034
2927
2961
2950
2973
2964
2914
2974
2996
3021
2906
2951
2978
2983
2999
2924
2954
3027
2905
2942
2918
2978
3050
2890
2946
2941
2945
2968
2900
2965
2991
2956
2934
2889
2973
2967
2949
2962
2949
3006
2929
2929
2969
2976
3018
2945
2962
2980
2945
2963
2941
2985
3007
2959
2973
2912
2971
2953
2969
2994
2931
2999
2936
2918
2966
2931
2992
2950
2933
2980
2925
2968
2912
2941
2996
2970
2976
2915
2956
2949
2962
2946
2956
3040
2949
2943
2938
2945
3033
2928
2986
2987
2937
2987
2878
2987
2998
2961
2980
2912
2977
2955
2944
2930
2938
3046
2924
2912
2922
2964
3032
2908
2953
2962
2988
2940
2912
2968
2963
3044
2915
2924
2990
2922
2991
2918
2947
3045
2955
2935
2894
2970
2971
2981
2924
2946
3023
2899
2945
2889
3011
3012
2927
2963
2947
3000
2927
2918
3003
2965
3007
2921
2937
2984
2916
2968
2938
2981
2974
2969
2928
2920
2981
2915
3007
2928
2947
3008
2895
2954
2946
2947
2998
2951
2957
2937
2983
2941
2954
2963
2969
3031
2919
2962
2943
2971
2974
2910
3012
2964
2965
2913
2908
3024
2948
2971
2939
2930
2991
2892
2950
2962
2984
2966
2915
2920
2947
2989
2910
2969
2972
2945
2987
2900
2972
2980
2954
3014
2942
2987
2961
2953
2939
2930
3046
2962
2944
2915
2959
3036
2910
2919
2971
2995
2984
2902
2911
2975
3008
2926
2923
2976
2935
2992
2888
2934
3055
2931
2968
2898
2966
3010
2893
2949
2992
2993
3003
2922
2946
2969
2997
2940
2959
3005
2956
2992
2883
2948
2973
2958
2997
2925
2964
2970
2910
2969
2933
2991
2985
2921
2957
2909
2987
2946
2929
2991
2963
2983
2911
2914
3000
2958
2972
2940
2955
3002
2920
2955
2972
3004
2972
2928
2940
2940
2984
2947
2951
3000
2950
2970
2912
2938
3020
2939
2995
2945
2931
3005
2889
2973
2992
2952
3014
2905
2928
2982
2915
3003
2938
2960
2994
2920
2959
2932
2946
3005
2952
2962
2953
2933
2954
2921
2962
3003
2995
2945
2894
2970
3007
2968
2911
2973
3031
2971
2898
2916
2959
3026
2942
2919
2996
2966
2968
2904
2920
3025
2988
2933
2940
2924
2985
2916
2896
2978
2994
2986
2923
2890
2979
2978
2930
2965
2953
3014
2953
2915
2959
2993
2999
2957
2933
2985
2964
2944
2972
2966
3008
2964
2924
2958
2976
2974
2965
2942
2965
2947
2940
2935
2933
2981
2957
2935
2930
2942
2960
2949
2958
2970
2948
2951
2924
2938
3002
2956
2984
2951
2932
2977
2941
2986
2987
2958
3026
2936
2938
2991
2939
3005
2953
2940
2993
2918
2935
2951
2928
3032
2948
2932
2957
2910
2987
2942
2934
2993
2936
2956
2917
2936
2983
2935
2994
2943
2957
2993
2910
2950
2972
2991
3018
2891
2962
3007
2925
2960
2913
3006
3044
2914
2916
2936
2991
2984
2954
2951
2980
2968
2899
2937
3000
2952
2995
2919
2904
3017
2906
2980
2939
2962
3018
2901
2927
2977
2991
3001
2921
2952
2982
2954
2949
2919
3020
2962
2977
2922
2915
3028
2948
2951
2968
2947
3000
2916
2914
2990
2972
2999
2913
2937
2959
2954
2988
2917
2987
2980
2929
2948
2910
2984
3006
2930
2960
2941
2961
2939
2946
2962
2947
3004
2922
2944
2979
2912
2994
2957
2946
3027
2913
2938
2946
2986
2999
2955
2989
2937
2968
2938
2930
3009
2963
2985
2942
2915
2994
2934
2969
2977
2946
2999
2920
2927
2929
2967
2996
2914
2967
2965
2940
2981
2866
2968
3062
2953
2945
2879
2969
3040
2948
2923
2968
2989
2981
2918
2916
2996
3043
2932
2922
2968
2932
3012
2928
2936
3011
2930
2930
2924
2929
3044
2945
2918
2964
2923
3000
2913
2940
3000
2968
2957
2909
2941
2995
2942
2990
2955
2950
3001
2894
2973
2993
2952
3022
2925
2938
3015
2914
2961
2977
2960
3009
2915
2932
2956
2959
2982
2933
2966
2985
2921
2954
2901
2964
3027
2920
2949
2942
2931
2992
2916
2935
3031
2951
2974
2938
2909
3004
2965
2962
2964
2970
2988
2923
2936
2964
2967
3023
2946
2923
3001
2914
2965
2985
2953
3002
2939
2902
2973
2945
2975
2947
2952
2981
2942
2941
2917
2953
3034
2936
2918
2920
2939
3050
2896
2921
3014
2964
2963
2887
2919
3041
2979
2949
2927
2941
3012
2918
2956
2979
2980
3018
2900
2946
3007
2933
3009
2960
2962
3033
2901
2940
2955
2997
2992
2909
2944
2948
2968
2951
2887
2975
3022
2949
2940
2908
2971
2949
2983
2936
2947
3006
2913
2936
2970
2929
3017
2959
2941
2993
2941
2976
2932
3005
3019
2937
2979
2907
2972
2996
2919
2986
2994
2974
2972
2908
2934
2957
3002
2941
2924
2981
2930
2956
2934
2919
3024
2951
2933
2940
2918
2984
2942
2964
2979
2959
2987
2916
2957
2997
2948
3003
2943
2945
3023
2902
2963
2993
2982
3026
2927
2947
2969
2956
2971
2924
2977
2995
2923
2948
2900
2955
3055
2899
2930
2973
2934
2977
2879
2925
3056
2957
2944
2902
2955
2998
2923
2967
2968
2974
3023
2881
2928
3015
2930
3009
2957
2965
3009
2922
2917
2941
2981
3004
2911
2962
2992
2939
2986
2863
2969
3039
2939
2946
2903
2925
3013
2908
2936
3002
2959
2979
2899
2929
2962
2959
2995
2928
2967
3002
2912
2972
2951
2953
3035
2930
2962
2971
2952
2955
2961
3007
2976
2965
2938
2918
3003
2949
2965
2981
2944
3001
2896
2924
2949
2976
3003
2912
2943
2940
2956
2956
2880
2983
2992
2971
2931
2923
2963
2946
2998
2924
2969
2999
2920
2955
2915
2999
2992
2977
2929
2954
2983
2916
2998
2963
2996
2982
2953
2954
2938
2995
2898
2950
2982
2990
2952
2879
2922
2981
3034
2869
2950
2981
2991
2929
2884
2954
2984
3003
2889
2950
2949
3010
2913
2922
2997
3004
2999
2920
2943
2944
3051
2912
2957
3000
2994
2955
2930
2946
2949
3048
2903
2950
2971
2979
2928
2942
2959
2960
3007
2889
2948
2947
2949
2933
2958
2974
2948
2971
2900
2983
2959
2972
2959
2940
2982
2944
2966
2915
3013
2968
2978
2942
2918
3025
2947
2987
2951
2999
2973
2945
2939
2925
3032
2950
2967
2942
2922
2994
2916
2937
2950
2985
2974
2919
2933
2925
3003
2938
2924
2996
2941
2983
2912
2928
2970
2983
2992
2914
2982
2996
2935
2983
2933
2999
2999
2948
2972
2946
2966
2923
2970
2972
2973
3032
2883
2925
3020
2938
2985
2917
2961
3053
2875
2905
2952
2965
3002
2909
2929
2979
2965
2924
2913
2986
2987
2987
2952
2899
2979
2941
2937
2964
2960
3024
2946
2914
2966
2964
2975
2972
2925
3013
2957
2964
2933
2963
3026
2952
2971
2931
2940
2988
2935
2962
2983
2947
2986
2894
2941
2977
2919
3001
2950
2936
2976
2891
2943
2967
2935
3037
2920
2945
2982
2916
2995
2951
2952
3047
2956
2956
2962
2917
3010
2949
2964
3007
2955
2986
2925
2909
3009
2970
2964
2949
2955
2986
2907
2910
2951
2971
2983
2925
2928
2964
2924
2931
2923
2968
3019
2946
2916
2926
2958
2980
2956
2965
2991
2961
2933
2939
2964
2992
2980
2967
2955
3006
2946
2948
2912
2968
3064
2940
2918
2934
2946
3026
2928
2920
3010
2959
2970
2886
2918
3026
2962
2936
2955
2939
2986
2928
2887
2980
3019
2970
2928
2919
2952
3008
2903
2963
3008
2982
2999
2873
2945
3029
2924
2980
2970
2941
3011
2896
2949
2982
2936
3013
2939
2934
2998
2925
2947
2961
2931
3011
2965
2914
2944
2938
2961
2959
2920
2986
2994
2919
2955
2919
2974
3007
2912
2974
3006
2941
2963
2901
2964
3032
2933
2993
2976
2940
2984
2914
2950
3019
2960
2986
2943
2945
2977
2942
2951
2958
2978
2975
2952
2901
2933
2986
2952
2960
2962
2964
3009
2919
2913
2989
2948
2982
2939
2944
2999
2915
2935
2973
2959
3038
2930
2918
2984
2966
2985
2941
2941
3020
2997
2908
2930
2965
2995
3004
2904
2957
3004
2938
2934
2896
2978
3046
2909
2947
2934
2941
2983
2857
2960
3020
2956
2988
2906
2927
3009
2902
2975
2957
2987
3015
2913
2936
2967
2965
3007
2949
2968
3033
2938
2950
2924
2956
3023
2956
2944
2992
2949
2959
2901
2920
3019
2943
2962
2967
2928
2967
2910
2924
2992
2942
2986
2946
2914
2968
2923
2975
2949
2943
3034
2951
2936
2953
2939
3024
2934
2969
3018
2938
2996
2897
2947
3040
2939
2994
2954
2948
3006
2879
2959
2981
2953
3024
2895
2941
2964
2916
2971
2948
2971
2982
2931
2952
2923
2953
2972
2965
2956
2960
2992
2917
2904
2936
2988
3027
2885
2955
3015
2949
2957
2855
2981
3077
2928
2972
2934
2985
2979
2890
2962
2984
3011
2992
2912
2964
2951
2958
2939
2944
3007
2970
2988
2908
2934
2970
2927
2943
2919
2979
3029
2902
2933
2956
2944
3007
2896
2994
3000
2956
2952
2898
2988
2988
2948
2975
2969
2992
2953
2923
2968
2960
3027
2950
2948
2993
2937
2964
2930
2943
2993
2951
2973
2931
2931
2966
2918
2956
2940
2993
2973
2913
2939
2929
2997
2953
2922
3000
2960
2956
2922
2939
3036
2936
2968
2967
2949
3038
2913
2952
2985
2964
3015
2947
2956
2984
2922
2956
2929
2965
2979
2986
2941
2928
2964
2914
2975
2917
2947
3036
2926
2948
2926
2938
2992
2892
2941
3020
3007
2929
2891
2970
2983
2991
2883
2981
3035
2977
2963
2901
2970
2975
2978
2953
2941
3032
2937
2947
2904
2931
3034
2940
2948
2974
2965
2935
2896
2907
2956
3053
2906
2964
2951
2957
2953
2865
2964
2998
3012
2920
2938
2964
2956
2958
2921
3011
2973
2976
2938
2928
3008
2928
2998
2964
2980
3001
2935
2937
2938
3005
2940
3010
2935
2928
2981
2901
2967
2933
2991
2959
2973
2934
2925
2959
2914
2972
2939
3008
2958
2927
2943
2921
3000
2930
2940
2978
3010
2946
2919
2951
2932
3038
2940
2962
3007
2968
2964
2910
2956
2961
3044
2933
2958
3008
2930
2974
2922
2951
2978
2992
2944
2948
2992
2909
2962
2879
2947
3065
2905
2916
2942
2989
2954
2925
2909
2986
3089
2900
2941
2949
2951
2995
2883
2969
3031
2983
2952
2913
2967
3004
2997
2925
2967
3036
2920
2950
2885
3003
3032
2930
2964
2940
2947
2948
2882
2942
3015
2980
2942
2906
2969
2946
2965
2907
2961
3026
2924
2949
2912
2964
3015
2913
2977
3004
2937
3005
2898
2954
3022
2942
2993
2955
2968
2998
2920
2943
2977
2980
3003
2919
2966
2956
2941
2950
2915
2992
2962
2947
2966
2918
2954
2965
2899
2971
2969
2976
3003
2891
2952
2970
2932
2989
2940
2979
3015
2915
2971
2944
2950
3023
2945
2951
3006
2959
2984
2929
2945
3005
2962
2979
2948
2955
2967
2920
2944
2973
2997
2992
2892
2927
3007
2947
2961
2893
2989
3044
2884
2912
2954
2951
3018
2887
2956
3028
2937
2963
2879
2970
3061
2927
2953
2950
2943
3015
2906
2941
3041
2962
2993
2890
2946
3023
2923
2948
2983
2961
3030
2902
2910
2991
2966
2986
2914
2959
2989
2939
2921
2915
2962
3023
2924
2961
2968
2940
2964
2894
2956
3008
2964
2964
2949
2922
2992
2927
2951
3011
2969
2989
2967
2912
2982
2971
2933
3005
2964
2972
2981
2899
2958
2972
2933
3019
2933
2950
3013
2886
2954
2942
2939
3040
2923
2908
2980
2930
2945
2947
2931
3006
2988
2930
2950
2942
2959
3009
2922
2981
3003
2924
2964
2932
2948
3045
2939
2950
2993
2938
2975
2936
2937
3045
2986
2912
2924
2950
2995
2941
2866
2983
3045
2936
2936
2879
2966
3036
2882
2947
3007
2962
2973
2877
2931
3017
2944
2970
2978
2951
2996
2948
2899
2982
2997
2965
2993
2939
2982
3017
2872
2957
2978
2960
3020
2916
2935
2991
2904
2975
2932
2938
3041
2933
2932
2951
2913
2981
2939
2920
3023
2958
2950
2925
2915
2993
2963
2962
2968
2973
2978
2935
2915
2978
2978
2995
2946
2964
3006
2940
2941
2926
2973
3031
2941
2957
2979
2929
2992
2907
2932
3048
2954
2963
2921
2917
3019
2930
2920
2969
2973
3014
2901
2916
2952
2953
2997
2917
2970
3004
2912
2960
2910
2967
3036
2943
2973
2954
2954
2973
2919
2956
2989
3003
2946
2934
2984
2958
2964
2916
2928
3054
2967
2942
2914
2962
2997
2889
2950
2970
2964
3020
2871
2931
2985
2930
2942
2948
3005
2962
2956
2925
2910
3026
2924
2962
2959
2985
3023
2921
2913
2960
2958
3005
2899
2996
3005
2974
2952
2893
2991
2974
3000
2924
2955
2996
2924
2969
2906
2943
3023
2939
2952
2930
2949
2947
2941
2969
2937
3016
2919
2945
2980
2917
3004
2939
2962
2990
2957
2950
2931
2968
2953
3010
2956
2955
3029
2916
2969
2936
2962
3052
2927
2956
2941
2970
2954
2914
2943
2991
3027
2907
2924
2953
2944
2993
2899
2968
3029
2939
2945
2897
2946
2952
2976
2933
2969
3019
2919
2964
2904
2957
3024
2930
2962
3004
2997
2949
2874
2957
3001
3012
2917
2943
3022
2950
2949
2892
2959
3017
2981
2954
2924
2972
2954
2967
2919
2950
3053
2939
2943
2947
2916
3029
2892
2948
3017
2978
2967
2877
2935
2986
2998
2923
2971
3007
2968
2946
2879
2958
3047
2927
2990
2957
2955
2988
2883
2979
2967
2979
2987
2922
2954
2945
2949
2957
2941
2998
2953
2959
2919
2929
2979
2932
2983
2938
2967
2967
2909
2954
2919
2984
3004
2939
2982
2964
2968
2933
2928
2997
2979
3000
2906
2948
3012
2924
2951
2919
2992
3040
2916
2956
2962
2965
2974
2884
2952
2992
2988
2927
2916
2969
2941
2966
2909
2963
3027
2921
2972
2932
2936
3009
2895
2973
2998
2957
3006
2878
2930
3028
2977
2933
2947
3021
3008
2940
2888
2946
3043
2945
2946
2982
2965
3026
2903
2895
2983
2940
2993
2928
2950
3007
2928
2946
2921
2953
3017
2901
2968
2936
2974
2979
2898
2971
3008
2953
3004
2880
2954
3013
2899
2981
2965
2999
3007
2931
2937
2959
2962
2954
2960
3005
2969
2968
2934
2903
2984
2948
2965
2981
2950
2991
2948
2910
2955
2937
2976
2936
2975
2996
2943
2970
2892
2942
2998
2921
3003
2970
2936
3008
2903
2930
2987
2954
3009
2924
2964
3000
2957
2949
2889
2986
3016
2939
2989
2949
2962
2994
2893
2968
2986
2980
2962
2926
2964
2947
2961
2922
2936
3024
2949
2948
2952
2912
2997
2925
2946
2944
3003
3026
2883
2908
2963
2980
3007
2863
2965
3074
2937
2957
2898
2958
3035
2912
2944
2972
2976
2981
2920
2928
3002
3020
2958
2919
2979
2936
2980
2900
2924
3035
2967
2958
2945
2929
2978
2922
2914
2959
2987
3041
2894
2955
2958
2939
2987
2912
2965
3033
2957
2949
2937
2951
2952
2966
2979
2949
3038
2943
2923
2971
2924
2996
2949
2955
2985
2944
2969
2906
2950
2986
2927
3008
2946
2964
2973
2890
2957
2954
2971
2974
2960
2969
2936
2961
2914
2937
3023
2950
3008
2925
2944
3030
2891
2948
2967
2979
3029
2933
2934
2952
2951
2951
2942
2993
2989
2986
2950
2895
2995
2945
2957
2972
2948
2982
2920
2927
2941
2965
3009
2889
2966
2986
2960
2996
2834
2955
3063
2941
2962
2893
2974
2994
2907
2912
2976
3039
2969
2939
2927
2939
3001
2894
2935
3011
2952
3018
2938
2922
3006
2942
2942
2941
2969
3026
2900
2949
2927
2983
2974
2883
2987
2991
2968
2977
2899
2950
2979
2937
2955
2967
3004
2962
2951
2927
2947
3010
2913
2973
3004
2964
3003
2893
2925
3006
2937
3006
2964
2966
2999
2916
2935
2936
2984
2996
2932
2976
2943
2955
2948
2886
2995
2976
2954
2986
2928
2973
2958
2936
2906
2977
3029
2942
2946
2900
2947
3026
2881
2952
3023
2959
2998
2899
2934
3003
2974
2965
2951
2985
2969
2941
2944
2920
3018
2981
2939
2981
2948
2984
2922
2918
2958
2983
3014
2872
2942
3022
2918
2944
2882
2946
3070
2943
2946
2939
2988
2982
2920
2937
2968
3034
2957
2928
2987
2946
2978
2940
2944
3000
2965
2986
2904
2956
2996
2914
2971
2940
2984
3013
2907
2927
2970
2938
2942
2941
2994
2952
2988
2914
2915
3003
2920
2981
2969
2951
3011
2937
2930
2952
2948
2996
2921
2996
2997
2955
2969
2889
2987
2994
2953
2997
2938
2973
2971
2908
2966
2970
2993
2966
2937
2942
2942
2973
2907
2963
3013
2943
2981
2924
2915
3014
2905
2960
2968
2956
3031
2908
2901
2969
2942
3001
2931
2957
3011
2936
2948
2929
2955
3006
2938
3006
2965
2955
3001
2893
2953
2979
2939
3029
2942
2946
3006
2885
2934
2947
2966
3044
2910
2922
2985
2946
2970
2879
2946
3023
2970
2967
2900
2956
2999
2909
2955
2953
2972
3019
2900
2955
2957
2925
3012
2926
2975
3043
2942
2938
2948
2942
3035
2918
2945
2985
2972
2968
2888
2931
3017
2982
2957
2946
2952
2991
2920
2928
2956
3001
2983
2917
2949
2954
2964
2953
2911
2996
3012
2928
2950
2923
2982
2984
2916
2995
2984
2961
2956
2898
2973
2996
2938
3012
2944
2963
2992
2903
2965
2980
2954
2998
2946
2970
2981
2916
2937
2933
2951
3010
2958
2943
2950
2954
2950
2916
2922
2996
3006
2970
2916
2961
2961
2931
2917
2955
3011
2972
2949
2949
2938
2982
2938
2952
3015
2957
3005
2937
2908
2991
2945
2970
2923
2964
3049
2912
2908
2921
2947
3061
2908
2931
3009
2949
2983
2877
2918
3050
2967
2988
2938
2941
3008
2889
2927
3000
2981
2995
2930
2938
2979
2932
2941
2944
2998
3006
2954
2926
2919
2994
2939
2979
2939
2959
3020
2902
2940
2944
2951
3027
2930
2956
2980
2920
2981
2886
2959
3024
2942
2957
2944
2970
2955
2910
2936
2981
3003
2949
2956
2980
2934
2965
2901
2971
2995
2951
3019
2924
2957
2987
2919
2992
2942
2972
3005
2933
2959
2950
2978
2949
2928
2968
2983
3006
2912
2921
2965
2964
2963
2898
2977
3003
2916
2937
2894
2986
3002
2930
2988
2942
2989
2931
2926
3002