3012
2904
2912
2942
3033
2982
2874
2947
2994
3004
2912
2895
2979
3045
2964
2840
2952
3051
2988
2944
2870
2972
3056
2906
2935
2969
2996
2998
2894
2932
3014
2996
2949
2904
2974
2990
2942
2962
2930
2998
3018
2880
2938
2982
2991
2978
2937
2970
3003
2950
2939
2909
3012
3006
2927
2955
2940
2970
3001
2893
2957
3010
2963
2953
2916
2967
3000
2958
2942
2949
2978
2963
2917
2972
2985
2967
2986
2878
2970
3014
2941
2962
2946
2961
3007
2907
2916
2992
3002
2974
2908
2944
2995
2980
2957
2907
3019
3015
2903
2933
2934
3029
3017
2880
2961
2987
2979
2965
2921
2983
2987
2953
2920
2947
3014
2976
2941
2940
2939
3012
2919
2940
2960
2999
2989
2898
2914
3007
3019
2950
2889
2996
3034
2932
2908
2898
3060
3032
2870
2908
2960
3006
2977
2909
2961
3019
2994
2864
2942
3003
2973
2985
2901
2952
3035
2922
2934
2944
3004
2983
2927
2926
2958
3027
2967
2900
2978
2956
2993
2945
2925
2994
2978
2949
2897
2980
3001
2946
2971
2916
2995
3016
2908
2964
2998
2982
2986
2910
2940
2992
3003
2941
2942
3034
2959
2954
2932
2937
3040
2967
2947
2948
2957
2988
2942
2951
2971
3001
2976
2869
2981
3003
2985
2965
2880
2986
3022
2912
2938
2952
3015
2972
2910
2918
3000
3026
2910
2914
2965
2964
3006
2925
2956
3023
2963
2939
2904
2960
2986
2956
2960
2942
3026
2974
2880
2964
2962
3009
2974
2884
2978
3013
2967
2858
2950
3039
3013
2939
2831
2980
3085
2930
2944
2946
2997
2994
2892
2924
2988
3034
2956
2879
2982
2972
2981
2924
2941
3005
2977
2945
2904
2993
3033
2941
2970
2924
2977
3015
2917
2939
2989
3000
2957
2910
2967
2968
2992
2947
2916
3019
2970
2927
2943
2967
3008
2944
2936
2921
3004
3015
2916
2953
2965
2963
2997
2900
2972
3010
2947
2941
2932
2991
3001
2953
2933
2935
3009
2944
2928
2978
2987
3000
2924
2883
2984
3013
2978
2917
2947
3000
2972
2931
2898
3007
3034
2906
2952
2938
2984
3015
2886
2961
3019
2980
2967
2890
2962
3002
2972
2938
2967
3001
2965
2887
2963
2952
3032
2960
2886
2966
2994
2967
2930
2924
3016
3015
2904
2851
2996
3058
2954
2895
2907
3004
3017
2864
2938
3007
2996
2979
2855
2945
3019
2932
2950
2916
2995
3013
2920
2908
2958
3023
2953
2935
2941
2957
3003
2919
2929
3004
2967
2970
2914
2925
3013
2975
2958
2915
2994
2978
2934
2956
2956
3014
2972
2882
2969
2989
2993
2960
2914
2961
2988
2964
2923
2972
3000
2950
2953
2903
2964
3036
2932
2939
2953
2955
2983
2925
2964
2980
2997
2920
2902
2993
2985
2982
2929
2920
3006
2978
2927
2919
2993
3014
2928
2924
2933
3012
3018
2889
2977
2973
2983
2960
2892
2977
3040
2963
2935
2929
2991
2988
2951
2903
2979
3023
2918
2937
2932
3006
3025
2893
2931
3000
2961
2952
2873
2962
3072
2962
2870
2910
3041
3010
2960
2904
2983
3026
2909
2924
2949
3003
3028
2893
2930
2992
2978
2945
2915
2960
3004
2963
2917
2935
3008
2961
2967
2913
2956
3008
2921
2922
2963
2977
3012
2927
2942
2963
2995
2947
2923
2987
2985
2987
2909
2904
3006
2985
2940
2929
2973
2991
2949
2931
2919
3011
3009
2912
2962
2947
2985
2967
2911
2963
3007
2985
2915
2943
2973
2969
2995
2894
2971
3007
2917
2948
2947
2990
3011
2894
2902
2955
3010
2937
2942
2961
2983
3013
2884
2940
3027
2976
2969
2900
2955
2995
2969
2943
2934
3016
2950
2935
2941
2937
3043
2962
2916
2952
2983
3003
2912
2922
2984
2987
2948
2883
2971
3044
2990
2881
2889
3023
3015
2935
2886
2962
3043
2919
2902
2938
2998
3042
2893
2908
2996
2964
2985
2911
2959
3037
2974
2925
2920
2970
2986
2945
2958
2942
3019
2934
2906
2960
2963
3029
2944
2924
2994
2956
2955
2919
2962
3011
2965
2944
2899
2994
3002
2929
2946
2947
3007
2971
2889
2955
2985
2981
2961
2900
2980
2978
2951
2916
2971
3006
2978
2952
2912
2968
3014
2921
2966
2965
2974
2997
2885
2943
3018
2964
2964
2912
2968
2992
2962
2925
2937
3040
2978
2906
2931
2946
3024
2954
2896
2965
2986
2971
2914
2946
2993
2982
2963
2891
2971
3010
2931
2976
2930
2987
3007
2868
2949
2987
3016
2975
2901
2932
3014
2991
2879
2907
3064
3008
2927
2858
2933
3067
2973
2924
2920
3016
3015
2879
2934
2959
3016
3001
2893
2965
2997
2954
2923
2928
2995
2994
2966
2899
2948
3000
2928
2973
2942
2982
3014
2894
2939
2982
2985
3003
2895
2947
2988
2956
2935
2938
2995
2996
2964
2874
2957
3006
2951
2969
2941
2973
3026
2910
2915
2963
3007
2961
2934
2959
2965
2997
2915
2919
3007
2988
2981
2914
2944
2987
2977
2942
2933
2997
2966
2950
2923
2950
3041
2938
2951
2927
2979
3023
2908
2931
2977
2996
2942
2913
2948
3012
3021
2889
2919
2990
2962
2972
2927
2959
3006
2963
2902
2907
3008
2958
2953
2922
2965
3007
2944
2917
2927
3023
3016
2892
2939
2965
3037
2943
2863
2969
3055
3003
2846
2915
2987
3002
2989
2875
2995
3013
2936
2925
2923
3017
3002
2935
2909
2981
3006
2920
2958
2955
2982
3008
2884
2952
3000
2981
2970
2917
2979
2972
2982
2905
2932
3021
2979
2935
2923
2954
3013
2945
2945
2941
3016
2984
2888
2960
2981
2988
2985
2885
2959
2997
2948
2934
2958
3005
2978
2946
2887
2968
3033
2924
2948
2962
2970
2992
2910
2931
2979
2998
2968
2908
2986
2970
2972
2945
2910
3013
3008
2922
2910
2961
3004
2944
2963
2939
3000
2997
2875
2910
2999
2995
2985
2924
2978
2969
2978
2926
2922
2992
3000
2915
2939
2950
3004
2978
2942
2941
2997
3002
2888
2934
2971
3006
3000
2839
2948
3062
2954
2896
2899
3019
3045
2937
2885
2940
3050
2953
2915
2951
2991
3011
2917
2922
2977
3014
2982
2869
2964
2982
2963
2974
2925
2996
2986
2925
2941
2969
3013
2952
2949
2905
3001
2994
2924
2955
2940
3011
2956
2892
2980
2999
2989
2919
2914
2998
2992
2974
2919
2985
2980
2964
2934
2898
3020
2997
2948
2925
2955
3004
2950
2944
2927
3019
2995
2892
2951
2939
2976
2967
2938
2954
2986
2979
2886
2958
2989
2992
2996
2870
2957
3007
2968
2919
2968
3011
2967
2948
2868
2975
3039
2937
2957
2957
3002
2976
2953
2924
2972
3030
2904
2927
2952
2981
2984
2907
2940
2996
3013
2893
2934
3001
2982
2999
2886
2940
3035
2989
2896
2879
3046
3017
2951
2847
2940
3047
2978
2935
2906
3003
2990
2904
2940
2965
3012
2964
2895
2938
3008
3006
2920
2950
2965
2963
2976
2895
2971
3060
2966
2938
2931
2981
2968
2953
2940
2944
3024
2952
2899
2941
2978
2996
2927
2936
2950
2973
2953
2865
2969
3015
2954
2930
2941
2952
2993
2951
2944
2968
3040
2948
2928
2982
3012
3062
2971
2952
3026
3021
3017
2970
3009
3022
2997
2969
2916
3009
2981
2920
2943
2898
2942
2938
2824
2853
2907
2876
2817
2785
2849
2902
2872
2804
2846
2923
2853
2876
2901
2941
3019
2965
2964
3027
3088
3112
3067
3123
3188
3210
3166
3122
3261
3245
3199
3154
3111
3204
3141
3022
2990
3063
3057
2866
2802
2766
2875
2827
2611
2645
2636
2616
2558
2465
2561
2623
2566
2498
2593
2656
2671
2748
2719
2871
2985
2955
3025
3116
3231
3275
3328
3362
3431
3545
3446
3521
3574
3596
3577
3477
3481
3471
3463
3319
3232
3225
3115
3012
2856
2802
2755
2644
2523
2374
2418
2345
2219
2200
2203
2236
2171
2165
2175
2325
2387
2298
2445
2536
2680
2783
2836
2973
3126
3262
3258
3419
3551
3622
3725
3699
3792
3860
3869
3799
3809
3876
3771
3729
3567
3568
3557
3373
3224
3125
3063
2918
2773
2646
2545
2505
2313
2211
2169
2136
2088
1983
1990
2008
2057
2029
1991
2179
2263
2275
2307
2410
2611
2742
2817
2872
3107
3286
3263
3368
3500
3725
3793
3740
3783
3959
4018
3907
3943
3968
3960
3933
3736
3707
3710
3619
3432
3309
3265
3110
2968
2775
2659
2599
2454
2320
2147
2124
2017
1916
1883
1843
1915
1870
1797
1841
1988
2058
2054
2218
2324
2482
2618
2639
2879
3088
3220
3303
3440
3615
3748
3871
3859
4052
4095
4095
4095
4095
4095
4095
4023
3891
3864
3800
3602
3470
3298
3215
3095
2819
2686
2573
2440
2288
2131
2049
1983
1933
1761
1762
1852
1822
1817
1798
1925
2054
2127
2195
2305
2530
2636
2750
2888
3065
3290
3333
3453
3559
3722
3805
3797
3922
3943
4037
3968
3889
3977
3947
3864
3740
3632
3632
3527
3384
3190
3191
3099
2869
2742
2593
2628
2565
2272
2260
2290
2257
2111
2066
2118
2156
2194
2078
2126
2292
2319
2343
2363
2533
2640
2671
2754
2814
3030
3107
3121
3235
3310
3427
3487
3511
3599
3664
3695
3599
3683
3736
3713
3701
3566
3591
3603
3489
3396
3354
3322
3204
3077
2957
2901
2906
2724
2626
2553
2521
2439
2297
2277
2273
2315
2231
2164
2246
2274
2271
2228
2348
2466
2519
2557
2558
2745
2839
2914
3007
3099
3220
3279
3327
3360
3543
3589
3571
3626
3624
3727
3655
3603
3585
3664
3615
3488
3433
3373
3391
3253
3124
3080
3021
2928
2762
2693
2658
2648
2533
2442
2428
2404
2364
2251
2326
2327
2388
2335
2279
2412
2472
2512
2456
2565
2687
2761
2738
2768
2999
3081
3097
3057
3188
3391
3387
3380
3407
3532
3566
3555
3495
3591
3673
3548
3527
3476
3518
3529
3377
3331
3281
3243
3123
3068
2983
2927
2866
2672
2644
2605
2541
2467
2347
2357
2349
2326
2228
2215
2347
2301
2319
2297
2411
2504
2507
2584
2630
2803
2858
2877
3000
3116
3261
3285
3310
3419
3523
3570
3514
3638
3682
3682
3658
3562
3626
3647
3547
3467
3407
3389
3281
3212
3105
3053
3052
2863
2772
2698
2664
2601
2454
2441
2446
2434
2333
2234
2343
2369
2332
2305
2388
2429
2466
2512
2472
2648
2774
2749
2833
2872
3002
3099
3105
3181
3308
3390
3341
3399
3462
3548
3602
3484
3523
3615
3585
3511
3442
3508
3513
3414
3202
3247
3318
3163
3055
2892
2903
2891
2731
2609
2599
2597
2452
2408
2351
2361
2410
2275
2258
2312
2368
2372
2406
2456
2525
2623
2586
2703
2844
2927
3000
3017
3143
3256
3341
3329
3435
3540
3549
3591
3517
3610
3674
3581
3539
3510
3523
3431
3335
3219
3226
3233
3033
2968
2855
2800
2767
2607
2579
2565
2560
2418
2374
2404
2397
2430
2362
2421
2487
2518
2510
2541
2694
2750
2794
2836
2891
3021
3062
3084
3115
3264
3320
3268
3305
3307
3437
3403
3321
3361
3400
3389
3307
3259
3280
3291
3241
3087
3107
3072
2991
2994
2874
2915
2883
2782
2682
2750
2776
2681
2668
2584
2652
2696
2584
2586
2647
2722
2653
2596
2644
2767
2876
2738
2756
2900
2955
2943
2929
3042
3123
3153
3098
3111
3264
3262
3264
3225
3324
3329
3314
3283
3252
3327
3292
3214
3154
3166
3148
3053
3025
2947
2983
2901
2757
2759
2768
2756
2628
2643
2573
2624
2632
2524
2577
2631
2654
2577
2654
2730
2788
2844
2767
2865
2974
3026
3012
3075
3179
3180
3237
3182
3263
3345
3301
3249
3237
3314
3272
3251
3200
3165
3203
3079
3052
3016
3047
2974
2876
2853
2819
2871
2777
2696
2726
2750
2744
2650
2700
2743
2795
2778
2675
2829
2838
2840
2816
2880
2945
2943
2968
2892
3004
3046
2986
3009
3044
3095
3067
3041
3020
3089
3177
3023
3033
3057
3093
3077
2965
3016
3098
3121
2990
2908
3044
3080
3033
2943
2990
3036
2999
2933
2846
2986
3005
2883
2889
2876
2921
2862
2836
2812
2863
2903
2780
2816
2810
2852
2868
2825
2868
2896
2938
2836
2887
2994
2997
3021
2981
3022
3066
3086
3036
3049
3153
3111
3123
3036
3089
3125
3087
3030
2990
3088
3020
2965
2962
2975
2989
2884
2879
2840
2932
2880
2803
2821
2844
2900
2846
2863
2860
2926
2913
2854
2946
2981
3011
2955
2965
2998
3059
3040
2951
3034
3068
3060
2999
2991
3036
3066
3025
2899
2992
2988
2941
2918
2900
2963
2946
2909
2835
2919
2949
2881
2898
2864
2945
2942
2925
2896
2978
3026
2914
2928
2952
3023
3027
2964
2954
3033
3084
2914
2936
3010
3058
3032
2890
2935
3017
3020
2913
2904
3014
3007
2981
2874
2950
2996
2990
2944
2920
3024
2985
2959
2957
2954
3029
2994
2947
2940
2988
2981
2910
2964
2947
2975
2931
2830
2889
2922
2931
2830
2884
2872
2899
2900
2813
2918
2973
2924
2896
2918
2973
2997
3023
2966
3042
3063
3022
3034
3055
3130
3107
3081
3036
3087
3141
3018
3025
3038
3060
3013
2953
2923
2920
2975
2869
2854
2877
2855
2836
2778
2826
2847
2868
2811
2769
2880
2902
2881
2832
2901
2957
2951
2955
2923
3062
3058
3009
2957
3067
3089
3050
3068
3040
3073
3090
3014
2998
3053
3056
2945
2951
2931
2992
3033
2898
2905
2943
2984
2884
2859
2930
2974
2988
2804
2887
3024
3020
2916
2906
2987
2983
3027
2919
2952
3033
2980
2931
2920
3011
2980
2939
2890
2897
2968
2923
2888
2888
2942
2934
2858
2900
2883
2988
2957
2887
2940
2968
2994
2935
2982
3012
3051
3060
2961
3036
3084
3051
3012
3032
3088
3046
3035
2938
2989
3059
2964
2947
2913
2943
2939
2900
2877
2890
2969
2866
2846
2842
2919
2929
2869
2901
2912
2959
2917
2888
2975
3009
3006
2950
2988
3014
3021
3033
2934
3051
3066
2986
2940
2967
3019
2980
2990
2895
2950
2997
2874
2891
2927
2988
2928
2896
2898
2914
3022
2912
2931
2962
2995
2969
2955
3007
3035
3075
2961
2968
3036
3067
3025
2950
3006
3034
3045
2896
2900
3015
2984
2891
2787
2903
2941
2893
2816
2813
2921
2889
2846
2828
2939
2935
2900
2915
2920
3036
3019
2981
2970
3067
3077
3024
3067
3060
3120
3074
3012
3024
3103
3085
2972
2995
2963
3006
2994
2902
2908
2916
2909
2790
2842
2890
2860
2855
2762
2832
2883
2870
2822
2866
2949
2913
2944
2904
2956
3052
2997
2997
3001
3105
3053
3029
3038
3071
3133
3048
3025
3020
3081
3051
2963
3036
3004
3019
2953
2915
2943
2988
2962
2821
2895
2934
2908
2911
2855
2927
2933
2877
2836
2900
2996
2918
2928
2864
2918
2985
2908
2893
2931
2983
2923
2915
2941
2956
3022
2914
2904
2975
2997
2988
2920
3001
3044
3040
2951
2928
3067
3109
3041
2931
3068
3126
3058
3025
2993
3113
3099
3011
2940
3029
3065
2956
2985
2917
2942
2930
2836
2840
2868
2914
2807
2808
2786
2822
2873
2772
2810
2869
2881
2814
2849
2923
2940
2986
2909
2946
3028
3042
3023
3015
3125
3130
3092
3067
3070
3170
3121
3087
3033
3116
3074
3027
3030
2997
3036
2965
2914
2892
2969
2967
2850
2875
2847
2914
2876
2810
2861
2899
2913
2821
2888
2906
2940
2947
2889
2949
2966
2953
2908
2963
3022
3010
2995
2872
2996
3039
2960
2942
2959
3007
2987
2964
2908
3009
3040
2930
2936
2940
2999
3011
2970
2979
2996
3052
2924
2967
3029
3051
3056
2956
2985
3044
3068
2954
2947
3017
3004
2965
2854
2921
3022
2951
2850
2812
2948
2929
2864
2834
2888
2939
2869
2822
2826
2963
2931
2876
2918
2921
2989
2960
2965
2971
3068
3047
2960
3022
3027
3101
3049
2999
3047
3068
3028
2947
3028
3024
3017
2993
2891
2979
2996
2951
2883
2924
2942
2912
2908
2845
2940
2965
2884
2877
2922
2959
2940
2954
2899
2982
3017
2903
2963
2983
3012
2974
2906
2932
3006
3014
2939
2962
2951
2983
2939
2881
2988
2965
2982
2907
2911
3000
2973
2956
2909
2994
3006
2987
2936
2945
3076
3043
2997
2983
3023
3046
2981
2978
2953
3066
3023
2934
2933
2951
2953
2916
2907
2887
2963
2923
2785
2875
2909
2905
2865
2815
2891
2945
2906
2802
2935
3020
2981
2942
2878
3059
3110
2995
3009
3032
3120
3064
3019
3006
3127
3132
2992
3039
3017
3045
3025
2948
2966
2968
2969
2854
2886
2932
2902
2926
2774
2843
2899
2874
2820
2837
2908
2883
2891
2845
2917
2997
2925
2925
2942
3008
3009
2987
3004
3017
3103
2994
2995
3037
3071
3062
2978
2997
3014
3069
3008
2929
3021
2993
2973
2933
2959
3001
2977
2948
2863
2964
2988
2923
2929
2920
2963
2941
2925
2892
2973
3012
2867
2882
2915
2969
2956
2899
2903
2945
2965
2858
2872
2943
2954
2945
2855
2910
2946
3000
2917
2904
3010
2974
2996
2967
3005
3083
3054
3000
2991
3107
3062
3011
3014
3042
3109
3021
2976
2969
3094
3074
2895
2910
2962
3007
2916
2843
2860
2950
2915
2746
2841
2882
2902
2862
2784
2862
2892
2906
2834
2933
2963
2947
2949
2898
3002
3059
3030
2967
3030
3070
3030
3055
2992
3092
3110
3011
2991
3021
3050
2995
3004
2925
2995
2988
2896
2912
2955
2953
2895
2869
2876
2919
2981
2870
2901
2932
2931
2910
2895
2941
2972
2999
2885
2927
3006
2964
2973
2923
3004
2984
2980
2938
2930
3035
2978
2964
2914
2955
2993
2949
2934
2927
3032
2968
2919
2944
2983
3027
2933
2924
2958
3037
3007
2928
3008
3011
3030
2960
2942
3004
3058
2997
2927
2972
2982
2985
2939
2867
2963
2942
2880
2871
2917
2967
2907
2883
2840
2986
2986
2859
2875
2929
3033
2973
2879
2955
3055
3051
2912
2996
3041
3080
3046
2919
3033
3074
3040
2995
2981
3023
3000
2965
2910
2994
3010
2914
2899
2862
2952
2943
2859
2873
2908
2929
2873
2882
2891
2963
2948
2846
2919
2950
2995
2971
2915
2984
3012
3000
2938
3018
3057
3026
3010
2938
3038
3047
2988
2989
2972
3012
2982
2963
2915
3012
3023
2895
2941
2914
2988
2981
2912
2935
2960
2961
2906
2940
2945
2979
2974
2867
2962
2978
2971
2946
2902
2973
2981
2916
2869
2951
2987
2933
2913
2880
2991
2971
2875
2915
2914
3002
2961
2932
2968
3011
3014
2919
2959
3006
3058
3033
2947
3065
3059
3043
3006
2989
3081
3037
3006
2920
3025
3075
2953
2914
2875
3007
2980
2811
2856
2909
2949
2863
2798
2859
2927
2919
2800
2847
2899
2914
2919
2856
2962
2963
2940
2928
2925
3057
3048
3012
2985
3042
3064
3016
3045
3029
3094
3062
2959
3021
3035
3064
3004
2942
2960
3005
2984
2894
2950
2955
2943
2923
2840
2945
2954
2892
2877
2879
2929
2929
2938
2878
2949
2964
2884
2936
2928
3032
2971
2910
2942
2976
3011
2945
2968
2959
3002
2973
2924
3010
2997
3010
2944
2924
3006
3022
2998
2915
2993
3013
3020
2961
2940
3057
2996
2971
2922
2970
3036
2994
2947
2940
2994
2943
2908
2905
2944
3006
2910
2876
2899
2959
2928
2845
2892
2911
2979
2870
2857
2927
2989
2984
2841
2916
3000
3032
2957
2907
3052
3091
3027
2939
3007
3097
3071
3023
2963
3078
3050
2974
3013
2985
3045
2963
2922
2904
2969
2981
2887
2885
2878
2950
2880
2839
2905
2899
2923
2847
2847
2928
2950
2928
2868
2947
2967
2972
2967
2936
3067
3025
2993
2975
3004
3089
3017
3000
2989
3039
3036
2975
3008
2993
3035
2972
2919
3005
3000
3000
2925
2910
2962
2945
2937
2877
2943
2951
2920
2920
2885
2994
2961
2899
2914
2940
2972
2943
2925
2929
2995
2988
2859
2937
2967
2986
2963
2879
2952
2999
2963
2896
2966
3011
2957
2958
2874
2978
3071
2977
2964
2982
3027
2999
2970
2957
3027
3104
2974
2967
3002
3025
3046
2940
2953
3015
3023
2908
2871
2994
2997
2959
2804
2857
2999
2909
2878
2831
2933
2951
2859
2851
2862
2996
2923
2885
2924
2945
2996
2937
2951
2976
3047
3011
2919
3008
3036
3044
3025
2951
3046
3049
3001
2969
3006
3041
3007
2966
2930
3009
3007
2938
2944
2916
2992
2924
2888
2942
2944
2980
2887
2878
2943
2957
2961
2881
2930
2978
2970
2889
2910
3009
2956
2965
2895
2932
3020
2921
2965
2931
2964
2998
2902
2937
2963
3006
2964
2938
2935
3006
3006
2898
2972
2992
3019
3001
2883
3023
3057
3005
2983
2944
3032
3003
2977
2943
3015
3047
2957
2934
2901
3006
2968
2894
2904
2919
2987
2894
2875
2917
2939
2950
2826
2873
2942
2983
2884
2869
2937
3003
3009
2830
2965
3067
3033
2977
2909
3021
3085
3018
2954
3007
3069
3025
2986
2949
3048
3031
2961
2940
2944
3018
2956
2910
2919
2941
2963
2880
2891
2909
2981
2896
2877
2880
2926
2986
2877
2917
2980
2973
2940
2884
2942
3007
3009
2924
2994
3013
2968
3010
2917
3034
3048
3006
2975
2951
3020
3006
2970
2934
3023
3011
2936
2942
2936
3032
2986
2920
2947
2941
2995
2938
2924
2954
2982
2936
2904
2929
2953
2977
2906
2869
2963
2948
2973
2888
2938
3006
2920
2904
2878
2952
3014
2940
2930
2945
2987
2967
2931
2932
3018
3059
2922
2985
2975
3057
3050
2942
3029
3025
3023
2972
2947
3039
3053
2981
2909
2975
3029
2974
2917
2859
3007
2990
2827
2870
2907
2985
2899
2808
2872
2943
2966
2852
2891
2917
2958
2928
2869
2988
2987
2984
2942
2918
3029
3037
3007
2948
3032
3047
2994
2994
2957
3068
3061
2986
2981
2997
3008
2956
2946
2942
3000
2994
2870
2923
2948
2941
2940
2883
2935
2947
2939
2852
2921
2986
2930
2958
2863
2928
3019
2936
2931
2953
3023
2953
2947
2940
2969
3052
2959
2947
2982
2979
2996
2935
2978
2983
3001
2951
2878
3002
3021
2985
2934
2950
2996
2980
2937
2899
3006
3035
2916
2955
2939
2999
3022
2890
2922
2985
2998
2925
2930
2972
2994
2977
2851
2921
3006
2944
2946
2885
2955
2995
2934
2891
2945
3020
2968
2920
2879
2986
3082
2925
2907
2989
3045
2999
2879
2979
3025
3046
2965
2904
3003
3022
2985
2923
2984
2995
2954
2962
2867
2996
3012
2912
2896
2928
2974
2940
2939
2909
2992
3003
2882
2930
2938
2981
2993
2907
2951
2997
2986
2910
2963
2993
3010
3008
2893
2981
3018
2979
2963
2973
3009
2983
2974
2881
2962
3027
2951
2931
2930
2973
2953
2936
2899
2963
3029
2910
2932
2939
2976
2982
2937
2948
2957
3011
2910
2953
2994
2993
3012
2901
2934
3001
3020
2915
2916
2993
2970
2988
2893
2972
3015
2976
2896
2895
2987
2968
2975
2921
2951
3018
2953
2909
2915
3029
3008
2944
2958
2977
3040
2969
2935
2960
3044
3028
2897
2958
2982
3032
2985
2868
2963
3034
2970
2829
2915
3010
2973
2944
2810
2927
3014
2924
2885
2906
2991
2929
2923
2921
2945
3034
2927
2907
2945
3028
3004
2939
2976
2993
3027
2972
2932
3019
3055
3002
2929
2977
3006
2996
2984
2914
2988
3002
2941
2904
2963
3008
2947
2935
2877
2950
3007
2898
2914
2937
2955
2941
2915
2917
2965
3016
2874
2923
2967
2972
2988
2915
2952
2981
2986
2908
2941
3014
2965
2989
2912
2960
3021
2991
2943
2942
3032
2982
2959
2924
2978
3063
2994
2940
2948
3011
2992
2922
2968
2982
3045
2947
2907
2948
3008
2991
2854
2943
2930
2979
2943
2857
2960
2996
2934
2860
2902
2969
2947
2970
2874
2986
3032
2894
2906
2938
3048
3007
2936
2899
3022
3081
2919
2952
3010
3045
3035
2918
2937
3040
3042
2951
2935
3006
2964
2953
2915
2923
3006
2958
2912
2872
2973
2986
2898
2919
2891
2969
2957
2851
2939
2985
2980
2912
2910
2941
3019
3026
2925
2985
3011
2970
2996
2956
3007
3032
2970
2932
2974
3032
2989
2965
2963
2967
3029
2905
2925
2978
2998
2969
2895
2940
2932
2991
2921
2889
2974
2965
2942
2887
2955
2977
2950
2957
2898
2990
3002
2924
2930
2988
3021
2957
2949
2904
3005
3035
2918
2944
2990
3006
2950
2937
2951
3025
3007
2879
2939
2980
3015
2972
2946
2956
2994
2972
2872
2984
3001
3002
2956
2899
2981
3006
2981
2870
2969
3009
2972
2892
2866
3003
3028
2941
2833
2946
3012
2964
2933
2896
3007
2973
2933
2879
3003
3007
2962
2924
2923
3040
2987
2953
2949
2980
3025
2960
2925
2967
3056
2983
2925
2956
2970
3037
2946
2932
2961
3008
2958
2893
2971
2984
3006
2914
2915
2947
2990
2974
2886
2985
2992
2924
2936
2896
2982
3002
2977
2895
2969
3022
2926
2947
2951
2987
3018
2911
2922
2951
3021
2956
2920
2966
2956
2986
2928
2905
2997
2983
2955
2881
2968
2981
2925
2978
2896
2991
3005
2927
2939
2997
3048
2968
2953
2951
2977
3049
2935
2941
3007
2999
2965
2900
2985
2981
2967
2936
2882
2995
2990
2907
2925
2948
2992
2922
2898
2876
2995
3023
2864
2892
2958
3003
2959
2877
2956
3043
3014
2865
2942
3034
3012
2988
2898
2971
3035
2994
2934
2956
3041
2986
2937
2915
2973
3020
2954
2936
2917
3007
2968
2892
2941
2972
2993
2912
2904
2914
3002
2999
2874
2951
2994
2970
2913
2907
2964
2991
3015
2879
2966
2988
2962
2944
2956
3000
2992
2995
2886
2960
3054
2975
2951
2915
3002
2975
2960
2919
2968
3053
2936
2932
2930
2991
2990
2941
2952
2934
3017
2932
2907
2970
2988
2985
2899
2920
2947
3008
2969
2883
2975
2985
2937
2917
2951
2988
2984
2952
2877
2991
3036
2928
2970
2944
3005
2986
2932
2925
3024
3064
2936
2942
2981
2989
3013
2912
2957
3014
3007
2935
2875
2994
3016
2966
2882
2906
3001
2977
2888
2846
3018
3024
2884
2893
2902
2988
2995
2893
2914
3002
2990
2916
2936
2973
2994
3025
2903
2964
3025
2995
2945
2933
3033
3000
2984
2923
2956
3038
2993
2947
2910
3007
2993
2924
2926
2941
3023
2959
2908
2908
2979
2977
2888
2958
2951
2977
2943
2902
2932
3005
3007
2871
2946
2962
2986
2979
2927
2981
3045
2994
2880
2968
3009
2987
2989
2908
2980
2997
2967
2913
2966
3023
2944
2955
2879
2971
3023
2965
2918
2949
3016
2918
2952
2931
2978
2999
2919
2933
2953
3010
2928
2929
2967
2978
3003
2908
2935
2976
3030
2959
2900
2983
2960
2977
2913
2931
3006
3003
2965
2872
2977
3006
2965
2924
2923
3028
3002
2922
2850
3006
3080
2919
2907
2934
2998
3008
2904
2908
3008
3031
2922
2913
2965
2959
3007
2910
2945
3011
2967
2930
2891
2983
3006
2970
2935
2922
3025
2968
2917
2957
2997
3030
2934
2916
2936
3025
3005
2902
2971
2982
2971
2951
2875
2995
3013
2955
2918
2936
2975
2967
2935
2895
2995
3011
2909
2941
2903
3005
3012
2901
2964
2979
2983
2946
2930
2973
3017
2997
2903
2943
2988
2963
2992
2922
3006
3030
2940
2933
2961
2978
2989
2952
2915
2972
2987
2901
2932
2930
3009
2964
2904
2931
2971
2964
2911
2959
2947
3007
2962
2867
2967
2967
2980
2955
2961
2984
2996
2951
2862
3005
3026
2991
2927
2923
3008
3011
2951
2862
3021
3040
2948
2874
2893
3052
2989
2917
2885
2972
3006
2919
2891
2935
3052
2927
2939
2915
2965
3021
2898
2939
2954
3009
2951
2939
2940
2998
3048
2903
2940
2982
2988
2969
2932
2979
3001
3015
2874
2932
3011
2981
2969
2925
2971
2977
2983
2888
2942
3028
2965
2937
2896
2946
3006
2957
2907
2941
3020
2928
2926
2919
2955
3014
2950
2924
2948
2994
2942
2918
2962
2966
3036
2922
2919
2980
2990
2965
2920
2982
2991
2995
2922
2909
3007
3002
2979
2947
2955
3007
2976
2915
2927
3034
2996
2949
2907
2928
3019
2948
2909
2927
2993
2975
2910
2927
2968
3010
2957
2881
2944
2965
3010
2923
2923
3014
2979
2943
2871
2977
3068
2972
2904
2907
3042
3005
2940
2929
2985
3089
2938
2916
2962
2998
3037
2903
2952
2985
2972
2932
2896
2971
2991
3002
2863
2919
2997
2939
2955
2910
2953
3017
2916
2915
2929
2997
2993
2919
2932
2975
3010
2913
2952
2973
3005
3026
2897
2952
2994
2974
2983
2904
2995
3012
2950
2884
2942
3002
2980
2969
2889
2982
3005
2901
2947
2953
2992
2979
2924
2906
2967
3014
2908
2950
2973
2976
2987
2894
2945
3018
3005
2947
2925
2991
2960
2992
2912
2958
3030
2945
2958
2913
2995
3016
2963
2938
2964
2990
2940
2954
2923
3014
3002
2885
2944
2928
3006
2962
2923
2959
2974
2975
2896
2966
2970
3015
2961
2855
2969
3000
2989
2878
2938
3022
3006
2921
2844
3020
3038
2983
2906
2915
3036
2972
2929
2908
3000
3012
2942
2920
2941
3062
2956
2936
2929
2959
3029
2918
2934
2980
3001
2947
2925
2920
2982
3035
2887
2936
2988
2980
2966
2896
2957
3008
3000
2892
2936
2978
2968
2982
2884
2991
3014
2954
2913
2919
2999
3006
2971
2901
2994
3003
2927
2947
2933
3016
2982
2920
2929
2958
2991
2942
2931
2949
3002
2959
2913
2951
2969
3015
2937
2914
2995
2951
2983
2922
2962
3024
2971
2929
2945
2991
3005
2983
2935
2954
3022
2947
2973
2925
2989
3022
2898
2946
2944
2978
2964
2937
2932
2982
2972
2876
2961
2970
2993
2964
2854
2958
3002
2969
2912
2894
3008
3013
2930
2861
2995
3060
2972
2908
2924
3032
2980
2926
2928
2984
3059
2934
2909
2951
2990
3002
2932
2947
2984
3018
2914
2915
2983
2971
3016
2905
2937
2993
2948
2931
2920
2991
3002
2985
2871
2941
3012
2951
2961
2901
2979
3015
2903
2932
2962
3010
2972
2928
2912
2993
2998
2937
2959
2963
3022
2953
2893
2978
2978
3013
2930
2933
2986
2970
2963
2923
2969
3020
2990
2908
2938
2987
2955
2987
2925
2951
3034
2909
2926
2918
2988
3006
2925
2918
2972
2988
2902
2938
2958
2983
2995
2874
2942
2970
2967
2984
2905
2960
3011
2968
2927
2968
2997
2991
2972
2907
2993
2990
2925
2943
2955
3018
2998
2891
2903
2989
3039
2923
2904
2941
3034
2981
2825
2941
3020
3020
2929
2861
2985
2987
2974
2903
2953
3019
2968
2942
2908
3024
3009
2960
2923
2931
3047
2965
2929
2941
2966
3025
2918
2929
2993
3007
2973
2903
2935
2998
3008
2911
2925
2986
2963
2992
2883
2954
3058
2943
2915
2902
2977
2995
2965
2928
2967
3007
2913
2939
2920
2989
3025
2927
2937
2953
3000
2931
2953
2964
2987
3010
2875
2950
2991
2978
2983
2915
2957
2975
2974
2878
2962
3021
2970
2984
2892
2957
3027
2953
2916
2955
3020
2961
2956
2891
2968
3034
2918
2947
2968
2996
2963
2927
2925
2966
3050
2913
2944
2963
2963
2969
2917
2937
3017
3020
2899
2925
2995
2968
2994
2879
2952
3074
2984
2872
2896
3040
3006
2958
2866
2962
3045
2941
2899
2925
3037
3001
2918
2928
2951
3025
2948
2923
2949
3006
2972
2906
2929
2974
3022
2963
2902
2980
2986
2991
2910
2943
3007
2991
2938
2898
3001
2986
2977
2929
2930
3007
2951
2925
2924
3004
3023
2937
2923
2927
3025
2973
2920
2958
2976
2997
2916
2956
2954
2999
2977
2882
2963
2996
2985
2945
2950
2974
2985
2969
2879
2981
3019
2965
2942
2941
2976
2997
2952
2889
2981
3052
2936
2952
2910
2997
3019
2938
2920
2971
3019
2896
2920
2959
3006
3008
2895
2923
3005
3008
2944
2900
2973
2989
2991
2909
2936
3024
2988
2935
2870
3004
3003
2958
2927
2963
3018
2980
2898
2871
3043
3046
2910
2899
2923
3028
2988
2892
2912
3033
3025
2894
2918
2959
2994
3002
2910
2966
3002
2974
2896
2920
3006
2984
3003
2899
2951
3008
2954
2922
2925
3033
3009
2939
2915
2939
3025
2961
2929
2940
2994
2994
2896
2966
2961
3010
2983
2896
2962
2989
2967
2899
2965
3003
2984
2976
2867
2955
3006
2952
2923
2961
3008
2966
2945
2920
2940
3027
2953
2931
2946
2987
2969
2911
2969
2968
3004
2941
2877
2970
3012
2987
2913
2950
2993
2963
2982
2883
2990
3022
2932
2920
2942
3011
2998
2943
2908
2975
3018
2894
2930
2971
2995
3009
2889
2919
2991
2995
2931
2903
2987
2986
2983
2904
2920
3051
2992
2938
2870
2997
3019
2928
2909
2939
3068
2978
2873
2923
3010
3045
2928
2938
2949
3019
3001
2879
2966
2990
2984
2896
2945
2980
2996
2997
2883
2950
3009
2964
2922
2938
3000
2989
2964
2878
2943
3029
2940
2920
2936
3011
2980
2940
2911
2957
3035
2951
2928
2947
3001
2961
2919
2954
2965
3021
2944
2925
2941
3003
2979
2917
2981
2983
3002
2924
2922
2973
3009
2980
2942
2968
2958
2989
2947
2929
2991
2983
2961
2887
2967
2990
2992
2939
2933
3010
2968
2927
2869
2985
2992
2986
2941
2918
3013
2965
2936
2899
3023
3028
2930
2927
2917
3027
2979
2947
2920
3012
3002
2902
2933
2938
3034
2993
2942
2936
2996
2983
2896
2936
2963
3039
2949
2854
2934
3013
3007
2860
2936
3006
3028
2947
2856
2982
3010
2977
2905
2942
2996
2988
2964
2868
3000
3035
2951
2941
2950
2993
2973
2939
2909
2996
3053
2920
2919
2952
2962
2997
2916
2940
2986
3011
2909
2927
2995
2983
2992
2882
2928
3014
2954
2942
2936
2982
2996
2944
2907
2948
3030
2956
2956
2926
2969
3020
2917
2928
2991
2997
2968
2905
2940
2981
3004
2954
2914
3006
2973
2951
2935
2939
3009
2995
2959
2915
2988
2998
2877
2947
2956
3029
3003
2894
2940
2994
2973
2929
2930
2981
2993
2976
2865
2957
3023
2957
2971
2892
2978
3017
2901
2923
2969
3019
2988
2937
2932
2978
3011
2877
2930
2996
2996
3011
2876
2923
3014
3011
2897
2879
3044
3036
2939
2861
2949
3015
2982
2926
2895
3016
3015
2893
2925
2940
3009
3040
2906
2947
2991
2995
2905
2949
2973
3023
2977
2861
2965
2986
2975
2953
2924
3012
2987
2947
2892
2971
3022
2955
2949
2904
3007
2979
2908
2943
2974
3013
2939
2921
2922
2990
3000
2894
2980
2988
2973
2961
2886
2944
3007
2999
2921
2960
3005
2948
2967
2898
2969
3053
2947
2957
2943
2984
2971
2963
2927
2998
3029
2915
2949
2929
2970
3030
2902
2952
3018
2985
2914
2895
2957
2990
3013
2904
2957
3013
2945
2914
2895
2968
3017
2982
2924
2944
3024
2952
2912
2943
2981
3040
2930
2925
2956
3011
2976
2882
2973
3003
3024
2908
2859
3005
3015
2980
2869
2954
3045
2970
2893
2892
3028
3009
2948
2891
2928
3034
2933
2928
2945
2997
3006
2923
2905
2951
3027
2941
2922
2954
2981
3011
2898
2918
3002
3017
2958
2921
2977
2973
2994
2901
2934
3033
2989
2971
2897
2945
3004
2959
2925
2947
3031
2948
2940
2914
2952
3037
2933
2942
2937
2978
2960
2941
2928
2978
3025
2922
2921
2967
2961
3005
2920
2961
2996
2992
2914
2932
2982
2960
2998
2915
2960
3012
2952
2926
2929
3003
3010
2965
2899
2945
3063
2936
2943
2943
2983
3013
2883
2902
2967
2989
2963
2927
2959
2988
2991
2875
2909
2995
2959
3001
2888
2969
3021
2937
2927
2923
3004
3042
2942
2899
2984
3034
2941
2919
2936
3041
3046
2854
2913
2981
2998
2993
2870
2968
3049
2962
2917
2924
2970
2999
2960
2907
2971
3010
2921
2928
2894
2996
3033
2903
2954
2961
2986
2957
2875
2959
3023
2995
2931
2937
2982
2984
2961
2879
2989
3036
2946
2967
2901
2995
3005
2918
2947
3001
3010
2944
2918
2922
2991
3003
2899
2974
2973
2980
2953
2864
2978
2991
2984
2935
2940
2983
2961
2945
2893
2997
3006
2949
2946
2910
3023
2988
2930
2944
2985
2988
2937
2940
2933
3006
3009
2907
2962
2947
2979
2945
2889
2998
3020
2980
2900
2911
2988
2980
2944
2883
2991
2985
2930
2925
2933
3037
2953
2915
2904
2968
3023
2924
2899
2975
3035
2972
2881
2912
3011
3055
2884
2909
3017
3024
2990
2863
2940
3029
3007
2930
2918
3025
3016
2946
2925
2932
3030
2964
2920
2950
2985
3000
2894
2918
2940
3021
2977
2901
2974
2984
2973
2919
2895
3012
2992
2956
2914
2962
3013
2953
2924
2950
3003
3020
2928
2934
2956
3004
2947
2929
2980
2988
3024
2917
2920
2980
2955
2979
2904
2965
3015
2965
2918
2915
2988
2956
2968
2919
2947
3016
2922
2935
2927
2975
3024
2902
2925
2981
2990
2968
2930
2966
3004
3012
2905
2956
2958
2983
3011
2913
3000
3012
2958
2942
2916
3026
3001
2942
2896
2978
3006
2928
2952
2920
3021
2983
2862
2933
2936
3027
2947
2919
2972
3010
2993
2865
2901
2993
3036
2942
2863
3008
3018
2955
2880
2934
3049
3010
2944
2907
2979
3027
2939
2937
2953
3024
2970
2902
2948
2970
3033
2944
2916
2985
2985
2979
2891
2942
3002
2990
2948
2908
2964
2968
2948
2896
2932
3044
2980
2924
2935
2954
3008
2944
2902
2995
3005
2981
2902
2928
2996
2986
2963
2931
2994
3006
2955
2931
2921
3034
3006
2916
2968
2968
2995
2938
2887
3002
2982
2995
2939
2907
2996
2942
2934
2908
2952
3045
2932
2908
2929
2955
2982
2937
2939
2981
3000
2947
2905
2958
2972
2972
2939
2924
3036
2999
2934
2923
2949
3045
2979
2925
2959
2999
3004
2901
2919
2976
3023
2972
2938
2981
2976
2971
2887
2893
3021
2981
2940
2844
2943
3060
2903
2891
2909
3024
3043
2895
2904
2977
2999
2957
2919
2961
3013
3008
2887
2959
2975
2993
3004
2881
3002
3013
2958
2925
2924
3016
3001
2962
2907
2969
2990
2933
2946
2925
3028
2980
2907
2925
2931
3023
2941
2908
2968
2973
2987
2882
2928
3015
2975
2956
2918
2965
2984
2975
2922
2958
3024
2954
2951
2894
2968
3039
2908
2958
2980
3005
3002
2901
2923
2993
2979
2955
2943
2972
3003
2977
2894
2927
3005
2962
2946
2918
2955
3014
2912
2890
2963
2978
3007
2938
2923
2987
2980
2945
2908
2997
3012
2965
2934
2898
3004
3000
2908
2966
2966
3042
2970
2887
2966
2986
2981
2929
2940
2995
3012
2955
2861
2959
3029
2932
2932
2884
3020
3040
2846
2892
2968
3000
2995
2869
2939
3010
2960
2922
2906
2977
3007
2961
2915
2955
3007
2967
2949
2920
3018
3023
2912
2936
2935
3009
2979
2900
2987
2987
2981
2943
2884
3014
2978
2982
2925
2941
3016
2947
2918
2902
2985
2997
2933
2934
2944
3019
2937
2919
2950
2959
3023
2933
2939
2973
2988
2979
2895
2964
3019
3005
2932
2932
2981
2982
2978
2892
2995
3027
2956
2959
2899
2991
2999
2898
2967
2946
3027
2969
2861
2949
2954
3010
2928
2940
2985
2989
2950
2899
2946
3009
2969
2918
2916
3000
2980
2960
2906
2970
3059
2956
2932
2943
2975
3022
2902
2938
3025
3005
2979
2870
2939
3031
2976
2909
2929
3014
3023
2921
2843
2970
3060
2931
2939
2903
2972
3010
2853
2922
2984
3002
3000
2887
2959
2991
2937
2938
2921
3001
3016
2966
2882
2951
2990
2955
2969
2936
3011
3040
2896
2963
2956
2990
2989
2906
2970
3027
2986
2932
2912
2958
3000
2964
2892
2980
3028
2939
2936
2901
2968
3011
2895
2939
2971
2972
2985
2872
2932
3011
2968
2923
2938
2988
3006
2962
2898
2955
2988
2960
2970
2932
2980
3036
2899
2931
2977
2969
3002
2922
2968
2990
2978
2934
2923
2985
2955
3000
2919
2947
3011
2922
2917
2892
2981
3040
2929
2928
2954
2970
2967
2892
2929
3007
3012
2924
2930
2960
2999
2983
2879
2975
3046
2971
2957
2865
3005
3082
2917
2919
2974
3034
2987
2866
2900
3006
3029
2909
2907
2983
2987
2984
2849
2932
3019
2959
2931
2925
2960
2986
2910
2903
2932
3040
2978
2936
2953
2942
3017
2917
2923
3010
2994
3001
2902
2934
3022
2958
2955
2930
3002
3024
2947
2918
2942
3014
2979
2931
2959
2974
3022
2899
2917
2965
2970
3007
2907
2942
2999
2958
2932
2890
2963
3022
2954
2924
2942
3000
2956
2927
2910
2973
3037
2939
2925
2987
2977
3003
2892
2922
3054
2975
2976
2902
2968
3018
2927
2927
2941
2998
3004
2913
2929
2973
3010
2932
2909
2968
2989
2995
2891
2910
3004
2950
2957
2910
2950
3030
2940
2920
2917
3000
2991
2909
2933
2973
3035
2981
2840
2969
3041
2960
2916
2901
3025
3069
2929
2910
2951
3018
2977
2921
2938
3022
3026
2911
2929
2954
2976
2990
2887
2953
3015
2930
2942
2883
2959
3019
2931
2935
2953
2986
2970
2900
2949
2976
3020
2936
2904
2994
2981
2973
2933
2952
3031
2996
2925
2922
2988
2998
2940
2956
2956
3007
2992
2875
2949
2958
2982
2981
2878
2998
3002
2932
2908
2914
3003
2984
2948
2900
2975
2992
2909
2945
2931
3005
3015
2875
2953
2985
2997
2946
2901
2974
3035
2991
2904
2954
3018
2977
2981
2877
3001
3036
2929
2957
2937
3009
2976
2898
2900
2988
3012
2917
2957
2948
2983
2978
2850
2934
2998
2983
2935
2941
2986
3000
2981
2848
2919
3057
2970
2915
2898
3020
3052
2918
2880
2956
3058
2979
2923
2957
3006
3035
2917
2898
2971
2992
2979
2911
2979
2990
2983
2919
2892
2997
2982
2950
2938
2943
3003
2950
2895
2916
2988
2994
2917
2937
2944
3003
2975
2851
2964
3014
2994
2968
2895
2996
2993
2943
2910
2977
3023
2969
2955
2902
2981
3015
2916
2980
2969
3002
3010
2870
2940
3004
2969
2937
2917
3005
2994
2951
2898
2916
3020
2938
2938
2924
2973
3029
2916
2898
2964
2991
2981
2899
2948
2995
2988
2944
2900
2988
2997
2966
2980
2938
3039
2988
2919
2949
2952
3054
2943
2905
2970
2999
2989
2893
2934
2989
2995
2949
2899
2999
2998
2941
2907
2883
3027
2994
2879
2915
2976
3054
2924
2851
2965
3015
3021
2902
2937
3015
2988
2942
2879
2978
3024
2981
2972
2931
3011
2980
2907
2954
2964
3023
2972
2938
2948
2998
2985
2872
2934
2998
2957
2983
2889
2955
3012
2925
2913
2921
3008
3011
2934
2903
2948
3007
2935
2915
2983
2984
3024
2914
2910
3005
2969
2967
2928
2975
3013
2968
2955
2898
3010
3007
2894
2955
2971
3018
2978
2885
2940
2992
2993
2904
2939
3001
2986
2973
2883
2940
3024
2922
2920
2934
2982
3040
2921
2909
2955
3007
2967
2889
2984
2991
2997
2943
2892
3007
3008
2934
2944
2943
3021
2991
2914
2927
3001
3019
2929
2949
2968
2998
2983
2852
2955
3002
2977
2981
2874
2989
3059
2900
2901
2898
3024
3026
2866
2913
3012
2988
2944
2862
2949
3032
2971
2910
2935
3000
2972
2957
2905
2975
3020
2942
2951
2952
2996
3024
2884
2931
2983
2965
2995
2900
2978
3037
2949
2932
2905
2978
3010
2914
2917
2966
3020
2995
2919
2910
2972
2997
2890
2915
3025
2988
2973
2904
2938
3013
2946
2940
2945
2981
3026
2930
2917
2951
3021
2973
2904
2981
2992
3019
2927
2898
3000
2988
2971
2929
2941
3018
2945
2910
2924
2986
3029
2940
2935
2934
3006
2952
2880
2951
2972
3023
2946
2905
2995
2963
2951
2887
2948
3033
2991
2953
2910
2989
3003
2953
2917
2944
3050
2970
2928
2942
2988
3026
2910
2904
3002
3007
2995
2852
2909
3023
3006
2902
2884
3028
3021
2965
2868
2918
3043
2944
2907
2925
3006
3034
2936
2925
2945
2995
2946
2925
2969
2987
3022
2923
2918
2986
2973
2980
2919
2945
3047
2974
2941
2917
3003
3006
2940
2905
2960
3049
2954
2934
2930
2957
3007
2895
2921
2996
2990
2985
2876
2945
3013
2947
2925
2923
2987
3007
2943
2905
2961
2989
2961
2933
2941
3004
3028
2913
2927
2954
2990
3008
2887
2968
3025
2962
2949
2903
2969
3016
2945
2922
2977
3006
2989
2908
2923
2973
3016
2955
2907
2988
2979
2946
2893
2899
3043
2982
2933
2949
2967
3008
2932
2889
2946
2982
3018
2933
2934
3019
2981
2957
2893
2945
3084
2962
2924
2917
3044
3033
2882
2901
2965
3042
2953
2845
2973
3021
2980
2919
2872
2980
3013
2922
2892
2973
3019
2936
2948
2902
2978
3004
2888
2951
2995
2973
3009
2875
2951
3006
2951
2962
2906
3004
3040
2938
2926
2955
3000
2992
2898
2943
3003
3007
2936
2918
2966
2987
2974
2891
2972
3006
2989
2950
2881
2985
3008
2908
2947
2943
2992
3007
2879
2936
2988
2974
2947
2917
2993
3006
2990
2904
2927
3005
2969
2967
2937
2973
3047
2928
2928
2969
2974
3024
2923
2937
3016
2982
2954
2887
2936
3009
2967
2941
2922
3014
2999
2895
2931
2941
3009
2993
2892
2971
3020
2958
2948
2898
2968
3013
2933
2912
2951
3025
2982
2908
2932
2990
3030
2940
2873
2993
3041
2948
2887
2911
3025
3018
2932
2908
3005
3024
2925
2909
2930
3008
3028
2902
2954
2999
2951
2957
2868
2957
3027
2945
2941
2941
2992
2997
2912
2908
2969
3018
2950
2920
2983
2978
3012
2894
2914
3004
3014
2972
2915
3005
3000
2957
2937
2898
3016
2989
2921
2927
2986
3015
2950
2909
2921
2992
2984
2901
2952
2972
3010
2939
2886
3009
2970
2993
2899
2929
3028
2973
2951
2894
2949
3001
2946
2900
2942
3031
2968
2957
2939
2958
3023
2903
2939
2962
3023
2987
2924
2963
2965
2997
2921
2895
2999
2997
2980
2907
2933
2993
2979
2923
2910
2993
2986
2940
2938
2922
3020
2963
2930
2958
2972
3047
2919
2890
2968
3009
3015
2878
2927
3049
2989
2918
2876
2994
3043
2954
2924
2939
3019
2996
2872
2929
2952
3006
2973
2903
2991
2988
2954
2927
2897
3007
3015
2929
2927
2981
2991
2943
2897
2930
3000
3002
2915
2925
3011
2971
2967
2888
2938
3052
2968
2926
2964
2978
3007
2933
2900
2978
3019
2973
2912
2950
3022
2979
2950
2903
2965
3019
2924
2919
2973
2995
2999
2912
2907
3003
2971
2923
2920
2947
3023
2966
2891
2937
2987
2992
2923
2940
2972
2988
2993
2892
2942
3002
2948
2948
2940
2972
3042
2934
2941
2964
2980
2990
2922
2959
2992
2990
2966
2879
2973
2995
2939
2966
2925
2996
3020
2891
2940
2971
2971
2960
2888
2956
3034
2985
2879
2892
3006
3003
2928
2885
2978
3085
2956
2895
2944
2995
3005
2919
2903
3006
3023
2977
2909
2963
2973
2944
2973
2909
3002
3015
2908
2917
2954
2969
2986
2915
2953
2999
2988
2918
2890
2987
2981
2944
2931
2928
3025
2995
2916
2933
2977
2993
2934
2927
2953
3007
3000
2889
2956
3031
2971
2954
2892
2955
3046
2954
2941
2944
3005
2987
2903
2925
2955
3027
2961
2882
2983
2999
2959
2918
2917
2991
3017
2946
2920
2981
3004
2914
2939
2928
2971
3018
2924
2946
2999
2969
2970
2895
2953
3001
2961
2932
2952
3007
2978
2935
2923
2961
3007
2956
2951
2971
2979
3019
2912
2925
2993
2974
2970
2904
2974
3019
2965
2909
2870
3027
3029
2908
2908
2956
3033
2968
2854
2903
3030
3014
2908
2936
2983
2999
2991
2834
2963
3014
2952
2972
2939
2979
3002
2928
2907
2956
3020
2938
2940
2941
2969
3019
2895
2918
2972
2978
2981
2903
2951
3024
2967
2927
2911
2983
3006
2942
2942
2933
3011
2959
2891
2954
2975
3023
2950
2904
2986
3007
2957
2901
2952
2999
2995
2965
2908
2986
3012
2903
2943
2930
3010
3032
2896
2947
2995
2972
2952
2880
2954
3015
2968
2929
2949
3004
2952
2921
2933
2962
3027
2954
2933
2972
2973
2993
2917
2899
2973
2970
2940
2930
2982
3011
2949
2933
2908
2984
3003
2906
2967
2989
2983
2988
2884
2943
3019
2951
2919
2900
3027
3021
2925
2884
2920
3047
2985
2836
2950
3024
3019
2954
2882
2978
3032
2931
2898
2938
3021
3005
2957
2923
2970
3012
2910
2946
2982
2982
3007
2898
2906
3006
2984
2955
2924
2984
3011
2946
2933
2912
2997
3035
2891
2946
2987
2970
2970
2865
2945
3017
2978
2931
2918
2976
2997
2924
2912
2954
3045
2974
2893
2943
2970
3006
2931
2897
3014
3000
2963
2925
2928
3010
2980
2910
2932
3009
3016
2942
2913
2931
2997
3009
2886
2955
3027
2966
2960
2891
2945
3018
2946
2927
2916
3036
3013
2900
2944
2939
2981
2983
2871
2962
3036
2969
2938