1822
1774
1796
1715
1886
1676
1647
1961
1789
1717
1788
1863
1604
1869
1855
1827
1792
1652
1945
1460
1803
2015
1591
1850
1776
1589
1999
1815
1566
2138
1722
1571
1875
1749
1885
1829
1656
1809
1733
1757
1862
1885
1590
1936
1735
1621
1989
1850
1574
1948
1716
1733
1870
1535
1963
1773
1727
1697
1861
1786
1688
1918
1731
1723
1867
1757
1729
1775
1770
1767
1840
1627
1836
1748
1879
1804
1691
1906
1719
1781
1858
1641
1901
1764
1752
1733
1849
1707
1867
1731
1690
1932
1649
1948
1707
1742
2016
1655
1799
1863
1756
1858
1682
1847
1783
1743
1905
1676
1797
1892
1861
1574
1743
1962
1856
1635
1836
1832
1604
1885
1873
1766
1705
1797
1755
1704
1907
1691
1844
1729
1780
1834
1802
1701
1883
1720
1816
1811
1704
1685
1956
1658
1849
1682
1726
1996
1699
1737
2003
1621
1846
1789
1665
1870
1699
1870
1708
1811
1877
1671
1832
1762
1951
1654
1783
1798
1823
1782
1813
1726
1708
1880
1651
1770
1812
1675
1966
1709
1670
1917
1718
1915
1711
1784
1843
1769
1731
1791
1778
1632
1863
1730
1802
1671
1869
1792
1609
1963
1879
1816
1596
1827
1865
1571
1878
1829
1565
1862
1752
1689
1875
1735
1878
1705
1852
1884
1769
1606
1945
1754
1743
1943
1627
1770
2026
1812
1691
1715
1991
1780
1650
1901
1969
1505
1705
2075
1637
1774
1968
1611
1815
1876
1600
1860
1840
1667
1891
1859
1554
1840
1868
1908
1592
1838
1884
1722
1811
1714
1844
1828
1685
1836
1584
1894
1918
1543
2010
1789
1661
1793
1903
1678
1926
1670
1752
1735
1784
1909
1779
1711
1878
1678
1823
1894
1671
1851
1899
1578
1809
1919
1587
1827
1889
1643
1834
1714
1580
1986
1831
1628
1966
1771
1620
1985
1720
1807
1741
1692
1935
1682
1707
1926
1684
1687
1837
1869
1744
1668
1934
1688
1846
1814
1733
1740
1782
1715
1853
1749
1701
1855
1652
1771
1914
1793
1702
1876
1820
1691
1831
1820
1682
1762
1863
1785
1784
1824
1841
1776
1834
1746
1771
1877
1861
1761
1661
1749
1874
1864
1611
1790
1836
1673
1836
1777
1759
1915
1693
1786
1712
1864
1943
1497
1852
1887
1778
1582
1792
1891
1772
1741
1805
1613
1856
1871
1684
1721
1809
1883
1674
1722
1796
1894
1700
1777
1627
1870
1799
1744
1863
1726
1856
1760
1756
1755
1879
1764
1677
1810
1809
1781
1726
1826
1713
1785
1842
1762
1714
1799
1776
1826
1545
1863
1845
1781
1910
1573
1875
1844
1735
1740
1822
1685
1784
1892
1629
1806
1975
1799
1612
1729
1944
1806
1625
1783
1946
1569
1689
1918
1749
1817
1913
1608
1756
1996
1615
1811
1914
1749
1720
1872
1583
1872
1752
1829
1763
1703
1923
1855
1812
1627
2015
1898
1542
1772
1956
1697
1736
1820
1825
1564
1949
1865
1603
1913
1857
1584
1796
1833
1779
1855
1743
1635
1841
1889
1698
1817
1803
1684
1812
1801
1701
2019
1583
1783
1866
1663
1934
1687
1738
1808
1788
1644
1817
1855
1705
1834
1666
1892
1703
1787
2036
1599
1900
1778
1628
1804
1812
1791
1755
1745
1832
1645
1880
1799
1796
1722
1813
1667
1707
1955
1793
1682
1898
1762
1596
1842
1776
1844
1682
1741
1921
1654
1733
1931
1635
1801
1905
1715
1820
1712
1860
1776
1674
1819
1855
1627
1866
1802
1702
1918
1659
1804
1875
1727
1895
1698
1841
1719
1825
1845
1620
1950
1880
1460
1894
1918
1842
1707
1911
1828
1652
1892
1809
1673
1811
1960
1591
1569
1888
2000
1550
1732
2042
1580
1758
1955
1663
1877
1825
1654
1781
1845
1817
1757
1745
1717
1848
1697
1862
1787
1779
1866
1689
1741
1744
1840
1856
1699
1811
1696
1780
1859
1620
1810
1827
1745
1923
1488
1860
1905
1769
1788
1793
1826
1657
1803
1732
1989
1630
1658
1965
1861
1682
1812
1777
1770
1894
1623
1724
1840
1819
1713
1767
1857
1616
1880
1763
1618
1916
1815
1651
1856
1783
1703
1878
1969
1326
2043
1780
1603
1964
1776
1711
1768
1712
1827
1711
1863
1886
1591
1841
1855
1731
1823
1765
1788
1773
1699
1733
1917
1745
1747
1865
1800
1827
1687
1858
1931
1559
2124
1935
1560
1634
2064
1745
1629
1968
1770
1627
1861
1854
1658
1853
1892
1654
1850
1715
1839
1684
1856
1779
1653
1924
1739
1700
1885
1795
1681
1880
1704
1926
1737
1771
1837
1753
1760
1750
1709
1803
1928
1587
1906
1796
1700
1749
1785
1767
1780
1786
1734
1791
1741
1914
1725
1713
1934
1608
1763
1915
1714
1746
1947
1638
1798
1885
1607
1864
1826
1694
1731
1773
1842
1498
1910
1896
1508
2059
1698
1578
2066
1551
1809
1978
1632
1914
1559
1807
1865
1782
1810
1740
1727
1785
1770
1775
1869
1735
1799
1794
1770
1830
1716
1858
1742
1624
1855
1791
1801
1655
1922
1700
1769
1856
1742
1789
1855
1770
1721
1918
1663
1710
2103
1540
1812
1921
1712
1736
1854
1979
1591
1786
1893
1751
1686
1879
1763
1845
1661
1773
1722
1806
1743
1759
1923
1688
1877
1734
1708
1791
1968
1619
1787
1882
1740
1835
1637
1810
1844
1736
1769
1789
1848
1516
2060
1966
1250
2110
1635
1714
1903
1556
2089
1751
1689
1873
1779
1725
1779
1773
1711
1973
1715
1685
1901
1724
1792
1788
1773
1760
1726
1838
1636
1767
1902
1802
1665
1904
1605
1953
1693
1616
2314
1470
1736
1949
1788
1760
1619
1950
1665
1752
1999
1702
1647
1964
1721
1790
1782
1728
1838
1924
1593
1842
1728
1766
1881
1654
1717
1922
1708
1771
1793
1894
1739
1842
1704
1862
1839
1711
1785
1749
1674
2044
1783
1650
1966
1900
1726
1538
1977
1877
1729
1679
1984
1621
1815
1852
1575
1904
1881
1813
1587
1861
1870
1684
1761
1845
1793
1791
1809
1833
1618
1913
1771
1729
1811
1709
1723
1842
1763
1709
2032
1652
1771
1820
1870
1788
1832
1871
1661
2023
1581
1733
1846
1770
1745
1888
1621
1757
1974
1678
1762
1916
1742
1789
1765
1639
1971
1667
1679
1689
1613
1727
1749
1750
1754
1859
1857
1797
1854
1713
1776
1917
1521
1848
1805
1752
1670
1682
1943
1716
1798
2039
1735
1830
1953
1719
1752
1905
1678
1831
1744
1754
1708
1784
1717
1850
1758
1828
1707
1727
1875
1786
1739
1848
1851
1642
1837
1626
1608
1760
1944
1555
1856
2051
1757
1884
1795
1789
1919
1832
1802
1597
1831
1878
1668
1885
1713
1859
1759
1737
1748
1721
1986
1708
1756
1716
1755
1729
1702
1848
1610
1773
1825
1753
1610
1732
1986
1587
1771
2027
1521
1789
2043
1804
1896
1959
2046
1842
1973
1818
2042
1819
1785
1991
1647
1960
1870
1927
1854
1748
1796
1707
1707
1676
1778
1494
1685
1616
1292
1619
1360
1524
1252
1596
1435
1472
1724
1604
1564
1840
1700
1625
1880
1934
1707
2071
2033
2059
2068
2322
2022
2380
2337
2492
2246
2304
2487
2226
2174
1896
2206
1967
1838
1892
1593
1600
1739
1289
1397
1557
1073
1153
1109
854
1146
1040
748
1011
1095
944
1122
1254
1118
1628
1726
1433
1881
2021
2053
2142
2483
2449
2486
2701
2518
3039
2787
2966
3051
2744
3029
2700
2671
2751
2503
2554
2021
2199
1727
1716
1562
1410
1154
807
997
579
683
334
631
308
517
472
121
465
804
704
676
1186
1012
1214
1611
1711
1865
2132
2276
2322
3130
2460
3079
3141
3134
3170
3293
3113
3290
3183
3015
3207
2776
2953
2480
2651
2053
2113
2151
1449
1693
1351
1194
1142
387
1011
537
639
448
392
285
492
512
300
616
812
534
881
1037
967
1070
1443
1760
1563
1877
2114
2183
2288
2567
2813
2482
2966
2984
2852
3158
3060
3075
2930
3171
2830
2980
2754
2691
2571
2364
2340
2167
2255
1598
2012
1599
1299
1413
1115
967
1070
688
793
571
569
623
605
248
687
625
507
728
756
959
973
1172
1317
1400
1474
1928
1920
2012
2424
2515
2238
2938
2890
2676
3228
3085
2814
3597
2836
3307
3035
2998
2893
2843
2545
2557
2175
2195
2230
1676
1721
1509
1404
1078
1061
938
746
672
599
611
410
320
561
378
572
521
717
768
867
931
1119
1341
1521
1533
1869
1868
2061
2398
2353
2541
2873
2717
2766
3076
2812
2968
3210
2728
3253
2877
2950
2959
2506
2769
2524
2278
2173
2105
1967
2033
1371
1654
1244
1115
1306
542
970
877
504
607
724
556
583
455
707
556
792
794
1038
1018
1118
1569
1497
1455
1963
2077
2035
2281
2566
2716
2472
2928
2916
2860
3211
3149
2737
3371
3005
2686
3032
2836
2532
2682
2257
2097
2075
1840
1717
1467
1448
1123
1008
1042
537
902
707
403
694
488
567
782
626
764
1078
960
1083
1295
1337
1811
1735
1634
2054
2347
2105
2471
2398
2646
2619
2532
2873
2474
2687
2895
2533
2380
2656
2296
2182
2331
1916
2119
1976
1619
1955
1406
1706
1623
1280
1692
1220
1398
1357
1275
1383
1394
1315
1290
1546
1389
1388
1662
1662
1235
1759
1567
1436
1686
1706
1495
1775
1601
1563
1785
1687
1541
1915
1551
1762
1936
1660
2092
1938
1928
2115
2047
2104
2160
2263
2218
2411
2264
2196
2640
2185
2296
2445
2154
2180
2404
2020
1953
1759
2005
1789
1552
1488
1545
1161
1294
1037
1169
1201
821
985
880
1088
871
1187
950
1210
1359
1216
1433
1563
1704
1821
1955
1972
2112
2311
2299
2430
2589
2695
2436
2754
2429
2757
2727
2465
2654
2226
2252
2527
2144
1857
2393
1810
1435
2009
1318
1461
1725
1033
1259
1340
848
1081
1304
810
1165
1010
997
1112
1206
1069
1286
1329
1322
1428
1493
1645
1628
1864
1768
1850
2115
1898
2239
2264
2221
2577
2428
2330
2650
2447
2604
2704
2368
2611
2675
2449
2293
2440
2279
2179
2187
1901
2031
1593
1697
1641
1223
1503
1109
929
1063
655
805
920
566
647
757
692
763
750
1111
1095
999
1355
1435
1612
1772
1879
2195
2300
2462
2374
2815
2665
3029
2880
3146
3073
2910
3191
2870
2834
2995
2689
2503
2315
2131
2312
1629
1740
1603
1345
1111
1128
891
729
1076
514
600
946
279
676
1075
331
1122
1118
673
1261
1475
1244
1794
1662
1741
2229
2019
2151
2412
2303
2532
2501
2451
2588
2549
2531
2528
2454
2390
2296
2571
2145
2327
2239
2079
2179
1998
1879
1966
1748
1668
1967
1542
1589
1562
1521
1456
1383
1400
1492
1373
1071
1465
1157
1059
1398
924
1294
1281
847
1388
1166
1213
1304
1458
1491
1354
1783
1663
1907
1884
1968
2335
2109
2363
2466
2361
2687
2864
2387
3041
2720
2648
2653
2859
2565
2430
2524
2227
1890
2021
1964
1656
1507
1281
1480
977
1095
867
1002
765
811
710
845
831
753
895
1125
988
1248
1400
1294
1732
1816
1833
2062
2239
2246
2167
2731
2550
2547
2728
2524
2519
2494
2700
2346
2464
2434
1976
2271
2074
1692
1980
1949
1684
1313
1783
1317
1281
1452
1356
1105
1423
1113
1407
1595
1051
1373
1700
1605
1391
1807
1671
1592
1919
1713
1810
1914
1769
1880
1916
1614
1984
1882
1667
2016
1667
1923
1903
1926
1798
1941
1957
1844
1857
1950
1807
2076
1801
1998
2009
1994
1925
1929
1989
1935
2025
1917
2020
1631
1836
1832
1693
1647
1695
1493
1543
1672
1205
1524
1689
1554
1168
1481
1653
1276
1470
1778
1609
1470
1766
1833
1814
1902
2007
2000
2077
2238
2046
2105
2327
2063
2138
2130
1953
2221
1800
1813
2005
1759
1735
1691
1642
1532
1665
1490
1474
1450
1562
1580
1545
1390
1713
1515
1578
1821
1769
1676
1996
1899
1787
2182
2119
1861
2175
2131
1971
2267
1797
1966
2090
1658
1866
1866
1352
1663
1714
1212
1679
1203
1402
1591
1368
1214
1593
1360
1482
1789
1535
1763
1927
1656
2062
2043
2146
1977
2323
2324
2034
2418
2397
2065
2374
2212
2133
1965
2119
1648
1924
1760
1598
1613
1401
1385
1346
1356
1287
1243
1169
1321
1098
1328
1364
1300
1634
1527
1435
1888
1935
1736
1964
2340
2095
2193
2374
2242
2358
2368
2244
2340
2113
2415
2158
1870
2241
1978
1812
1769
1853
1514
1591
1597
1095
1548
1514
1190
1412
1373
1434
1317
1477
1417
1619
1495
1679
1780
1611
1965
1891
1644
2122
2087
1791
2166
2018
1805
2136
2021
1836
2153
1793
1827
2081
1615
1785
1856
1752
1746
1810
1606
1827
1754
1530
1921
1819
1763
1757
1815
1955
1722
2058
1791
1818
2114
1656
2000
1685
1720
1884
1614
1795
1701
1632
1444
1590
1439
1491
1451
1574
1325
1448
1594
1373
1411
1853
1572
1547
1903
1891
1697
1967
2217
1916
2213
2469
1946
2303
2400
2195
2179
2341
2172
2230
2110
1959
2015
1823
1949
1599
1659
1727
1389
1651
1508
1018
1400
1451
1132
1109
1500
1434
1032
1546
1496
1378
1694
1695
1592
1996
1843
1903
2005
1939
2099
2148
2055
2307
2163
2117
2194
2052
2012
2199
1983
1849
1983
1839
1791
1735
1753
1624
1694
1939
1368
1746
1699
1563
1654
1722
1790
1664
1795
1680
1788
1861
1620
2024
1722
1908
1877
1632
1853
1748
1528
1817
1677
1666
1576
1550
1546
1529
1471
1632
1435
1647
1569
1462
1707
1563
1726
1865
1912
1904
1983
2136
1962
2214
2215
1916
2290
2389
1973
2355
2232
1876
2356
2032
1714
2296
1748
1505
1925
1640
1398
1486
1484
1129
1306
1417
1175
1196
1522
1037
1370
1415
1408
1619
1575
1726
1688
1956
1999
1822
2109
2346
2019
2109
2487
2046
2161
2454
2042
2157
2032
2289
1913
1856
1946
1874
1644
1618
1822
1303
1650
1555
1281
1512
1503
1381
1363
1640
1485
1593
1602
1596
1776
1700
1910
1893
1877
2166
1944
1876
2249
1959
1912
2309
1882
2047
1962
1922
1715
1845
1776
1674
1571
1671
1526
1565
1588
1483
1423
1583
1671
1469
1580
1821
1612
1656
1679
1765
1870
1785
1956
1957
1967
2126
1920
2101
1948
2044
2061
1982
2063
2061
1788
1791
1895
1702
1687
1615
1647
1597
1525
1758
1448
1562
1656
1371
1690
1768
1225
1821
1908
1825
1438
1831
1866
1772
1980
1919
1894
1938
2036
2012
1823
2016
1880
1829
1952
1821
1759
1893
1570
1757
1880
1374
1623
1942
1637
1530
1748
1737
1686
1601
1739
1901
1751
1916
1876
1803
2008
1855
1888
1969
1905
2048
1854
1999
1855
1845
1926
1683
1686
1888
1496
1674
1610
1642
1497
1514
1538
1614
1299
1710
1642
1520
1740
1741
1636
1856
1762
1805
2030
1872
1985
2149
1835
2215
2092
1985
2310
1881
2047
2038
1867
1931
1809
1897
1434
1855
1453
1426
1707
1383
1576
1457
1321
1545
1381
1494
1548
1488
1569
1666
1792
1665
1717
2044
1757
1947
1977
2187
2061
2111
2196
2185
1986
2198
2027
1931
2153
1959
1733
1968
1915
1497
1705
1584
1463
1724
1242
1527
1687
1363
1479
1630
1262
1629
1645
1519
1573
1852
1826
1730
1844
1894
2139
1878
1942
2172
2017
2176
2022
1996
1969
1945
1957
1851
1838
1963
1663
1810
1653
1692
1637
1635
1542
1611
1620
1661
1488
1767
1646
1627
1662
1757
1747
1738
1805
1983
1760
2039
1965
1821
1928
2047
1845
1914
1915
1812
1927
1790
1566
1870
1612
1639
1690
1406
1632
1709
1535
1755
1396
1655
1768
1516
1584
1872
1676
1699
1955
1870
1833
2163
1833
2020
2065
1991
2136
1986
2099
2025
2083
1804
1832
2104
1620
1760
1767
1642
1571
1679
1587
1311
1608
1546
1321
1589
1464
1528
1465
1549
1658
1417
1829
1645
1700
1941
1814
2036
2052
1830
2088
2163
1986
2109
2033
2175
1895
2024
2000
1893
1856
1862
1811
1831
1660
1799
1652
1727
1713
1611
1567
1566
1718
1548
1475
1676
1776
1591
1596
1842
1791
1829
1689
1866
1829
1873
2022
1899
1857
1759
2021
1764
1726
1823
1719
1839
1666
1652
1890
1571
1678
1720
1760
1479
1848
1682
1645
1942
1739
1803
1697
1844
1913
1738
1909
2087
1744
2136
1930
1946
2115
1833
1822
1983
1798
1792
1882
1684
1693
1757
1599
1600
1615
1675
1535
1618
1524
1551
1485
1636
1510
1712
1526
1683
1866
1665
1841
1932
1751
2070
1827
1931
2074
1993
2005
2012
2196
1812
2046
1879
1787
2127
1497
1954
1931
1395
1865
1578
1602
1728
1448
1547
1525
1701
1446
1677
1558
1630
1724
1691
1665
1730
1879
1987
1809
1996
2043
2045
2012
1985
1969
2113
1860
1931
2042
1727
1877
2041
1643
1704
1875
1618
1541
1773
1456
1647
1571
1493
1579
1606
1476
1602
1540
1727
1642
1691
1922
1764
1804
1979
1851
1972
2043
2026
1921
2001
2188
1916
1901
1992
1819
1960
1807
1743
1895
1784
1566
1718
1618
1641
1536
1820
1407
1505
1835
1484
1547
1660
1608
1521
1809
1723
1726
1931
1792
1829
1948
1929
1911
1951
1930
1947
2055
1939
1872
1995
1853
1907
1718
1812
1807
1684
1829
1506
1733
1680
1421
1676
1629
1637
1395
1836
1629
1629
1795
1780
1602
1803
1877
1776
1756
2011
1944
1862
1916
1945
1922
1907
2016
1692
1963
1910
1803
1894
1740
1734
1804
1735
1677
1556
1855
1658
1583
1627
1790
1597
1618
1663
1706
1928
1642
1837
1904
1826
1892
1747
1889
1920
1891
1938
1809
1876
1972
1904
1643
1920
1678
1871
1785
1615
1875
1665
1596
1744
1660
1695
1489
1849
1511
1690
1817
1707
1734
1721
1849
1733
1865
1871
1967
1846
1964
1859
1969
2048
1708
2035
1889
1696
1952
1874
1595
1952
1610
1819
1545
1661
1765
1488
1734
1484
1659
1767
1338
1652
1788
1739
1630
1815
1769
1858
1810
1747
1884
1930
1906
1952
1843
2017
1978
1965
1855
2007
1694
2119
1789
1620
2038
1637
1667
1856
1541
1596
1767
1603
1536
1740
1460
1715
1716
1585
1743
1764
1784
1659
1852
1933
1852
1793
1895
2155
1780
1897
1940
1987
1925
1970
1804
1828
1853
1842
1871
1664
1904
1775
1551
1631
1742
1613
1522
1681
1630
1738
1526
1790
1598
1670
1809
1649
1923
1770
1946
1718
1905
1975
1866
1945
1963
1753
2132
2044
1686
2106
1902
1713
1962
1728
1601
1853
1561
1732
1668
1517
1716
1582
1668
1373
1683
1793
1352
1728
1762
1671
1707
1781
1765
1755
1895
1867
1832
1996
1939
1880
1959
1979
1856
2023
1938
1783
1942
2165
1575
1743
1965
1506
1676
1943
1459
1642
1810
1577
1540
1809
1401
1612
1808
1590
1795
1618
1829
1776
1562
1933
1731
1893
1838
1918
1954
1806
1932
1992
1820
1964
1770
1903
1932
1800
1656
1941
1719
1549
2061
1599
1561
1985
1536
1670
1692
1802
1621
1578
1810
1846
1649
1773
1903
1710
1872
1861
1717
1835
2020
1795
1899
1969
1799
1901
1914
1757
1717
1883
1843
1698
1697
1890
1570
1759
1582
1724
1647
1691
1829
1519
1780
1892
1451
1648
2044
1643
1637
1942
1726
1896
1790
1795
1872
1955
1760
1831
1936
2060
1607
1890
1834
1654
1988
1621
1715
1737
1753
1688
1669
1750
1585
1713
1720
1707
1643
1757
1849
1652
1937
1695
1732
1901
1825
1750
1994
2000
1668
1995
1797
1965
1885
1811
1720
2071
1755
1744
1664
1725
1726
1609
1821
1550
1742
1725
1538
1604
1842
1733
1482
1751
1836
1853
1623
1722
1917
1711
1964
1843
1914
1883
2043
1863
1808
2069
1936
1921
1853
1890
1813
1742
2058
1593
1756
1794
1691
1569
1743
1777
1486
1772
1596
1675
1700
1691
1606
1710
1736
1703
1786
1739
1813
1773
1875
1770
1910
1997
1846
1869
1933
1979
1847
1726
1941
2034
1767
1823
1770
1643
1834
1649
1674
1689
1701
1679
1788
1598
1646
1667
1762
1547
1775
1725
1642
1861
1612
1828
1916
1623
1990
2010
1508
1928
2185
1846
1853
1896
1955
1762
1849
2000
1707
1765
1730
1788
1596
1668
1855
1580
1738
1730
1600
1611
1822
1471
1656
1827
1715
1692
1744
1812
1662
1840
1850
1752
1948
1797
1929
2037
1782
1920
1987
1701
1848
1907
1773
1833
1837
1737
1893
1625
1695
1987
1540
1740
1903
1642
1620
1783
1749
1692
1535
1857
1780
1666
1922
1777
1836
1757
1962
1755
1907
1864
1916
1808
1914
1836
1917
1741
1682
1924
1850
1856
1622
1869
1662
1690
1799
1587
1785
1668
1756
1742
1685
1719
1728
1700
1750
1748
1723
1777
1914
1693
1875
1807
1816
2003
1800
1777
2040
1855
1663
1838
1864
1576
1955
1669
1713
1903
1507
1775
1848
1680
1610
1730
1868
1570
1857
1738
1714
1727
1695
1840
1664
1812
1882
1826
1772
1950
1892
1734
1958
1840
1736
2024
1722
1728
2084
1582
1707
1833
1670
1746
1791
1724
1669
1724
1683
1663
1661
1798
1679
1649
1830
1692
1733
1827
1623
1827
1897
1896
1795
1759
2190
1894
1749
1941
1985
1740
1964
1861
1905
1593
1992
1868
1510
1904
1851
1781
1615
1765
1739
1570
1802
1556
1764
1755
1573
1811
1729
1599
1760
1827
1643
1872
1883
1688
2003
1788
1852
1921
1761
1921
1871
1831
1855
1823
1762
1907
1755
1722
1733
1901
1597
1781
1771
1688
1796
1685
1688
1656
1821
1674
1747
1687
1650
1847
1667
1735
1956
1838
1747
1924
1717
1949
1713
1815
1912
1788
1832
1954
1658
1901
1829
1599
1813
1780
1597
1786
1836
1616
1809
1664
1578
1889
1722
1666
1581
1821
1788
1638
1779
1786
1744
1916
1829
1864
1818
1772
1974
1823
1857
1893
1910
1797
1888
1748
1871
1739
1890
1723
1697
1966
1678
1808
1746
1599
1832
1641
1725
1662
1853
1735
1455
1868
1823
1678
1852
1835
1712
1865
1923
1678
1955
1756
1842
1911
1826
1994
1661
1888
1753
1823
1804
1849
1796
1692
1754
1917
1559
1696
1853
1670
1762
1760
1667
1685
1874
1633
1787
1778
1767
1760
1680
1971
1763
1850
1725
1792
2024
1734
1813
1886
1831
1753
1842
1741
1776
1863
1693
1843
1704
1715
1958
1596
1742
1720
1655
1691
1765
1737
1699
1965
1526
1663
2027
1728
1676
1943
1759
1797
1870
1852
1717
1737
2038
1804
1852
1732
1806
1923
1713
1695
1903
1779
1779
1744
1673
1778
1693
1728
1673
1769
1791
1797
1709
1616
1930
1717
1603
1960
1841
1714
1996
1668
1835
1990
1742
1693
2078
1722
1828
1912
1818
1858
1580
1835
1877
1788
1746
1814
1764
1631
1830
1726
1632
1745
1873
1594
1980
1543
1737
1801
1803
1719
1777
1899
1792
1764
1806
1866
1723
1830
1908
1703
2013
1849
1701
1888
1822
1731
1839
1810
1670
1725
1795
1696
1560
1757
1720
1665
1917
1634
1696
1860
1557
1870
1664
1735
1906
1723
1896
1802
1721
1882
1810
1744
1962
1805
1762
1857
1976
1644
1977
1746
1791
1877
1776
1664
1803
1672
1812
1599
1667
1919
1602
1668
1798
1737
1582
1684
1929
1687
1792
1912
1571
1929
1791
1677
1922
1736
1860
1863
1961
1676
2008
1741
1792
1960
1765
1882
1756
1774
1684
1849
1705
1703
1960
1547
1740
1900
1667
1582
1891
1749
1718
1608
1833
1818
1791
1724
1748
1832
1807
1842
1699
1874
1925
1858
1819
1793
1972
1674
1878
1863
1865
1781
1747
1858
1668
1739
1830
1665
1735
1839
1741
1717
1800
1616
1851
1741
1724
1822
1765
1820
1584
1692
1882
1748
1725
1899
1711
1959
1863
1570
1925
1981
1889
1452
1938
1871
1637
1723
1870
1556
1750
1909
1731
1665
1847
1780
1688
1761
1855
1660
1968
1667
1783
1872
1701
1853
1711
1831
1850
1771
1863
1801
1877
1788
1890
1749
1693
1922
1811
1726
1730
1829
1674
1716
1708
1694
1720
1778
1733
1790
1722
1827
1679
1666
1890
1826
1778
1680
1829
1742
1834
1815
1697
1957
1939
1674
1920
1940
1737
1715
1934
1839
1771
1687
1946
1803
1783
1779
1805
1727
1611
1884
1747
1679
1833
1778
1809
1675
1748
1771
1729
1843
1722
1847
1757
1764
1736
1852
1731
1792
1966
1721
1828
2036
1685
1830
1813
1690
1865
1784
1713
1725
1759
1633
1764
1657
1776
1738
1851
1798
1608
1693
1865
1816
1653
1618
2072
1578
1727
2034
1656
1851
1774
1888
1856
1798
1849
1891
1732
1869
1906
1749
1743
1809
1794
1684
1772
1949
1483
1802
1826
1597
1919
1826
1456
2030
1741
1522
1898
1723
1700
1775
1604
1839
1761
1704
2049
1659
1778
2001
1687
1785
2043
1815
1703
1875
1883
1638
1993
1688
1763
1751
1893
1749
1716
2030
1533
1772
1947
1591
1700
1963
1814
1519
1846
1888
1660
1733
1806
1855
1613
1959
1853
1640
2046
1871
1532
1906
1891
1795
1667
1949
1767
1575
1953
1797
1646
1783
1906
1698
1708
1831
1840
1571
1981
1694
1521
1841
1860
1706
1755
1821
1773
1599
1853
1857
1663
1962
1725
1874
1992
1704
1701
1901
1820
1562
1953
1750
1786
1749
1868
1755
1687
1869
1600
1818
1769
1652
1867
1880
1520
1909
1730
1694
1740
1786
1862
1676
1928
1734
1843
1749
1815
1748
1840
1824
1788
1823
1677
1685
1976
1773
1748
1557
2073
1593
1691
1964
1685
1677
1859
1676
1732
1883
1683
1720
1878
1735
1875
1689
1784
1721
1903
1868
1731
1899
2043
1787
1676
1841
1853
1827
1813
1735
1861
1764
1712
1845
1732
1642
1932
1703
1711
1847
1806
1671
1772
1705
1765
1767
1667
1769
1748
1766
1841
1726
1850
1803
1714
1776
1973
1608
1985
1884
1524
2104
1895
1456
1867
1817
1766
1759
1844
1725
1783
1704
1835
1684
1758
1885
1518
1872
1895
1532
1977
1796
1550
1868
1666
1828
1768
1697
2045
1747
1876
1733
1815
1894
1666
1719
1895
1778
1756
1948
1602
1767
1873
1751
1755
1682
1920
1658
1848
1682
1802
1820
1612
1828
1676
1683
1822
1691
1777
1919
1789
1486
2161
1631
1731
1964
1658
1903
1964
1747
1868
1722
1788
1873
1686
1811
1894
1816
1755
1738
1927
1821
1729
1829
1832
1588
1951
1777
1666
1810
1789
1815
1608
1762
1880
1746
1828
1834
1832
1771
1857
1656
1872
1750
1808
1889
1582
1843
1963
1643
1795
1781
1829
1681
1806
1711
1809
1808
1740
1734
1775
1784
1717
1710
1798
1762
1784
1778
1857
1804
1727
1855
1659
1807
1958
1607
1922
1792
1764
1880
1875
1500
1792
1894
1712
1809
1833
1732
1776
1813
1741
1665
1986
1510
1885
1781
1693
1783
1704
1662
1914
1672
1724
1870
1763
1745
1925
1676
1785
1851
1793
1763
1749
1916
1825
1744
1789
1670
1981
1781
1635
1861
1779
1888
1696
1835
1805
1560
1816
1762
1750
1808
1795
1665
1749
1876
1765
1726
1728
1825
1727
1778
1970
1702
1936
1929
1715
1609
2011
1752
1761
1897
1727
1845
1802
1859
1687
1737
1910
1663
1761
1876
1675
1818
1776
1762
1703
1866
1660
1672
1935
1753
1841
1789
1808
1766
1793
1713
1825
1734
1892
1676
1853
1813
1772
1831
1699
1789
1807
1875
1761
1856
1692
1744
1807
1706
1767
1709
1808
1726
1908
1598
1848
1935
1495
1850
1908
1623
1807
1734
1923
1692
1906
1598
1814
1942
1605
1833
1819
1850
1630
1947
1757
1587
1979
1754
1670
1845
1833
1738
1712
1789
1866
1526
1778
1851
1790
1781
1630
1931
1781
1687
1778
1807
1747
1848
1666
1751
1944
1764
1802
1823
1904
1569
1920
1817
1748
1933
1627
1880
1898
1553
1741
1987
1709
1576
2071
1578
1631
2079
1630
1687
1791
1892
1761
1468
1964
1996
1578
1746
1913
1700
1777
1885
1761
1697
1964
1772
1771
1858
1721
1840
1777
1772
1792
1841
1726
1832
1680
1719
1984
1473
1892
1900
1554
1927
1872
1392
1933
1981
1369
1928
1986
1508
1880
1849
1602
1911
1815
1515
2072
1920
1600
1828
1938
1707
1629
1957
1725
1642
1950
1651
1839
1791
1758
1865
1574
1893
1815
1488
1878
1894
1728
1781
1812
1649
1791
1767
1780
1734
1798
1829
1761
1767
1843
1676
1878
1805
1866
1606
1866
1862
1750
1800
1690
1784
1821
1637
1782
1749
1800
1786
1836
1683
1827
1858
1597
1823
1881
1793
1774
1671
1901
1686
1967
1672
1732
2041
1767
1740
1934
1692
1801
1822
1790
1898
1666
1875
1760
1732
1787
1892
1641
1794
1809
1712
1810
1839
1797
1708
1959
1542
1847
1797
1822
1825
1718
1729
1852
1678
1699
2001
1734
1671
1986
1628
1786
2058
1390
1863
1979
1827
1581
1798
1992
1528
1828
1838
1686
1671
1951
1533
2042
1648
1566
2178
1773
1336
1984
1804
1648
1926
1707
1847
1785
1804
1678
1912
1770
1662
1937
1825
1698
1965
1689
1585
2018
1557
1843
1882
1627
1726
1990
1568
1734
1882
1733
1664
1926
1744
1701
1825
1671
1799
1737
1792
1788
1629
1915
1790
1833
1663
1925
1899
1690
1795
1899
1762
1805
1838
1819
1682
1701
1904
1632
1861
1911
1753
1681
2035
1547
1761
1936
1744
1778
1881
1900
1595
1697
1907
1843
1594
1852
1836
1839
1721
1863
1652
1906
1808
1754
1731
1813
1884
1729
1843
1589
1841
1846
1692
1805
1611
1924
1844
1723
1718
1903
1695
1766
1647
1836
1835
1725
1776
1728
1866
1652
1711
1896
1771
1624
2020
1748
1785
1984
1517
1852
1903
1534
1827
1909
1612
1983
1585
1835
1851
1678
1721
2035
1528
1761
1938
1669
1707
1926
1520
1819
1888
1541
1997
1762
1776
1756
1688
1922
1667
1934
1770
1723
1939
1635
1843
1768
1557
1920
1822
1732
1815
1793
1727
1705
1841
1797
1763
1842
1827
1744
1783
1794
1690
1855
1784
1781
1734
1858
1661
1809
1964
1516
1808
2162
1649
1612
2117
1814
1560
1907
1765
1659
1827
1832
1831
1583
1884
1886
1683
1821
1704
1842
1738
1866
1729
1852
1787
1620
1856
1755
1799
1742
1880
1698
1938
1708
1685
1917
1734
1626
2019
1756
1775
1899
1599
1818
1870
1791
1592
1927
1704
1826
1790
1717
1830
1650
1847
1749
1884
1554
1954
2008
1266
2004
1828
1504
1991
1662
1708
2011
1760
1693
1791
1977
1487
1965
1914
1464
1958
1861
1537
1803
1809
1737
1787
1785
1828
1666
1902
1598
1832
1797
1715
1830
1727
1840
1700
1629
1882
1823
1580
2096
1596
1855
1853
1724
1847
1690
1800
2008
1571
1803
1979
1615
1817
1868
1636
1796
1919
1561
1830
1983
1902
1515
1844
2117
1619
1699
1958
1850
1575
1974
1782
1555
1743
1906
1801
1599
1918
1918
1792
1696
1848
1644
1875
1809
1748
1778
1853
1737
1719
1888
1651
1907
1806
1743
1731
1832
1756
1751
1692
1931
1636
1884
1773
1622
1923
1870
1454
1939
1823
1597
1920
1674
1805
1854
1725
1749
1700
1993
1586
1718
1968
1710
1571
2020
1551
1872
1881
1690
1815
1838
1707
1859
1624
1797
1803
1778
1788
1677
1988
1599
1776
1833
1685
1926
1757
1803
1753
1793
1792
1733
1747
1751
1744
1941
1705
1814
1614
1809
1805
1688
1867
1773
1695
1909
1753
1729
1778
1822
1710
1873
1656
1767
1903
1745
1767
1885
1730
1686
1864
1840
1794
1809
1804
1826
1990
1571
1743
1911
1877
1597
1899
1823
1723
1703
1724
1935
1653
1883
1768
1789
1729
1740
1712
1790
1820
1750
1863
1707
1762
1846
1725
1760
1762
1853
1803
1783
1773
1683
1791
1806
1812
1724
1720
2061
1573
1726
1971
1760
1718
1859
1773
1656
1963
1751
1663
1682
2001
1539
1974
1652
1644
1992
1799
1477
1993
1724
1716
1941
1706
1818
1784
1742
1727
1826
1689
1920
1633
1908
1748
1808
1785
1669
1934
1754
1701
1869
1695
1794
1853
1523
1829
1943
1712
1809
1764
1872
1732
1744
1705
1839
1742
1898
1638
1862
1704
1655
1987
1740
1596
1924
1889
1559
1926
1725
1819
1714
1854
1740
1870
1899
1500
1919
1943
1702
1644
1936
1745
1787
1935
1745
1726
1856
1846
1699
1758
1830
1911
1722
1691
1839
1774
1752
1807
1648
1798
1878
1679
1869
1601
1821
1876
1731
1776
1796
1829
1644
1773
1788
1736
1722
1925
1713
1794
1745
1849
1592
1779
2047
1674
1679
1970
1737
1589
2009
1609
1825
1825
1783
1718
1852
1862
1589
1884
1829
1651
1920
1735
1681
1865
1683
1797
1760
1687
1858
1734
1708
1764
1820
1798
1690
1941
1877
1416
1931
1843
1753
1725
1826
1760
1702
1934
1726
1790
1795
1675
1842
1900
1666
1888
1581
1899
1781
1673
1825
1809
1708
1727
1790
1771
1904
1607
1786
1834
1836
1705
1806
1778
1853
1752
1745
1782
1735
1818
1916
1622
1748
2040
1755
1588
1992
1962
1611
1766
2010
1624
1761
1805
1881
1681
1849
1930
1551
1859
1845
1711
1701
1883
1830
1860
1642
1827
1680
1772
1797
1891
1591
1958
1796
1556
1844
1810
1846
1653
1960
1651
1843
1810
1625
1840
1864
1727
1861
1767
1626
1985
1678
1684
1896
1688
1851
1894
1586
1754
1901
1798
1692
1739
1920
1611
1845
1744
1728
1816
1695
1773
1843
1684
1753
1813
1754
1690
1910
1918
1544
1961
1612
1764
1796
1712
1741
1856
1825
1614
1950
1621
1804
1855
1777
1789
1841
1762
1652
1948
1660
1652
1960
1719
1699
1935
1664
1774
1923
1700
1728
2002
1536
1731
1906
1786
1645
1774
1878
1574
1723
2035
1880
1484
1988
1918
1501
1887
1989
1850
1514
2072
1806
1621
1694
1957
1707
1736
1885
1813
1737
1762
1865
1582
1984
1713
1727
1915
1785
1741
1719
1818
1751
1744
1854
1727
1688
1894
1731
1739
1731
1839
1844
1763
1776
1637
1863
1797
1652
1840
1865
1545
1756
1998
1675
1735
1871
1718
1852
1932
1599
1745
1836
1885
1594
1826
1845
1747
1747
1816
1663
1693
1920
1666
1914
1733
1756
1750
1812
1706
1897
1611
1786
1882
1663
1801
1800
1684
1844
1820
1770
1845
1790
1689
1792
1869
1722
1791
1752
1628
2013
1736
1539
1963
1762
1684
1856
1784
1816
1739
1842
1844
1641
1855
1827
1827
1671
1963
1605
1678
1867
1716
1755
1980
1630
1783
2146
1490
1724
2023
1791
1673
1805
1822
1752
1738
1712
1899
1753
1810
1918
1751
1616
1867
1735
1829
1738
1921
1738
1777
1712
1720
1874
1766
1738
1812
1846
1684
1661
1901
1839
1597
1852
1768
1818
1725
1736
1748
1672
1973
1683
1779
1788
1701
1730
1896
1662
1809
1912
1719
1925
1559
1810
1785
1792
1768
1821
1767
1739
1875
1647
1863
1813
1713
1845
1815
1679
1854
1729
1643
1901
1855
1687
1719
1839
1681
1765
1785
1786
1734
1804
1746
1799
1729
1806
1781
1745
1821
1841
1727
1569
1858
1859
1755
1728
1883
1751
1697
2032
1627
1735
1868
1800
1828
1780
1648
1852
1735
1677
1848
1850
1703
1726
1809
1986
1687
1663
1948
1767
1815
1844
1666
1718
1947
1815
1726
1607
1853
1956
1693
1821
1781
1863
1735
1765
1745
1827
1813
1699
1797
1791
1756
1819
1867
1640
1866
1857
1690
1718
1876
1613
1898
1741
1728
1811
1821
1729
1639
1880
1787
1744
1722
1839
1718
1816
1762
1749
1846
1815
1628
1855
1930
1523
1919
1844
1506
1904
1840
1611
1849
1728
1795
1839
1793
1799
1732
1870
1542
1822
1888
1739
1773
1855
1785
1690
1778
1772
1852
1731
1918
1663
1805
1787
1661
1855
1850
1540
1946
1879
1477
1857
1681
1706
1879
1764
1786
1799
1789
1713
1859
1791
1664
1968
1663
1772
1934
1712
1605
1818
1935
1786
1758
1811
1761
1754
1758
1972
1691
1846
1997
1599
1730
1941
1711
1653
1860
1835
1775
1673
1831
1739
1871
1732
1736
1850
1729
1785
1736
1720
1827
1791
1799
1744
1769
1780
1856
1765
1723
1924
1673
1806
1763
1749
1867
1723
1641
1980
1877
1523
1949
1762
1613
1832
1914
1645
1872
1794
1682
1865
1666
1864
1654
1864
1791
1668
1931
1773
1590
1958
1726
1822
1845
1697
1886
1727
1875
1591
1944
1721
1688
1998
1712
1619
1900
1917
1641
1703
1988
1772
1681
1756
1795
1735
1841
1728
1810
1806
1720
1794
1715
1785
1879
1671
1710
1915
1536
1823
1847
1661
1847
1767
1609
1921
1788
1633
1898
1777
1725
1922
1697
1755
1908
1790
1747
1870
1778
1535
2055
1742
1654
2035
1822
1577
1821
1832
1744
1918
1755
1816
1586
1880
1884
1617
1837
1819
1678
1833
1832
1596
1898
1836
1498
1967
1964
1449
2016
1814
1643
1801
1921
1596
1811
1809
1719
1918
1744
1675
1914
1804
1701
1739
1950
1760
1737
1731
1908
1671
1696
1897
1862
1515
1851
1718
1749
1909
1737
1757
1802
1642
1782
1877
1578
1851
1765
1791
1728
1740
1724
1769
1776
1760
1869
1779
1725
1769
1947
1664
1744
2018
1563
1714
1978
1739
1575
1888
1896
1548
1841
1747
1786
1769
1772
1787
1830
1645
1930
1655
1655
1976
1638
1762
1846
1639
1861
1715
1742
1816
1744
1780
1820
1748
1948
1680
1785
1885
1668
1723
1954
1791
1769
1609
2097
1860
1545
1983
1863
1715
1765
1845
1792
1754
1763
1792
1816
1671
1891
1731
1659
1880
1751
1700
1858
1762
1718
1781
1791
1751
1899
1794
1663
1771
1768
1761
1799
1697
1959
1706
1722
1797
1875
1680
1948
1723
1676
1941
1804
1684
1838
1779
1792
1798
1749
1663
1907
1745
1850
1746
1796
1846
1691
1783
1742
1658
1904
1692
1767
1868
1722
1549
2032
1747
1569
2176
1592
1827
1827
1693
1979
1662
1830
1840
1668
1745
1815
1684
1893
1625
1850
1812
1856
1762
1762
1796
1855
1804
1619
1932
1790
1579
1822
1812
1599
1822
1833
1684
1788
1788
1763
1699
1935
1636
1830
1875
1624
2030
1585
1877
1797
1558
2030
1981
1382
1847
2133
1609
1736
2039
1765
1729
1872
1742
1745
1746
2006
1685
1731
1799
1779
1818
1787
1653
1839
1832
1772
1601
1904
1771
1691
1848
1772
1712
1758
1778
1748
1668
1904
1748
1860
1665
1909
1809
1676
1905
1888
1567
2010
1738
1600
2037
1770
1704
1807
1812
1748
1725
1818
1814
1948
1628
1792
1763
1655
1842
1760
1629
1966
1744
1702
1771
1688
1847
1799
1727
1854
1687
1830
1773
1705
1913
1730
1770
1862
1550
1909
1773
1736
1754
1837
1797
1809
1819
1737
1806
1838
1752
1846
1702
1683
1881
1621
1842
1815
1621
1879
1729
1780
1804
1784
1652
1934
1750
1702
1866
1715
1685
1911
1697
1764
1791
1848
1654
2049
1558
1765
2175
1649
1599
2047
1766
1621
1883
1794
1797
1694
1820
1926
1539
1811
1958
1695
1738
1963
1647
1785
1775
1872
1727
1788
1781
1771
1741
1781
1687
1809
1820
1720
1863
1590
1847
1909
1553
2033
1740
1719
1932
1574
1791
1892
1645
1927
1799
1835
1629
1848
1807
1707
1886
1793
1709
1913
1601
1904
1678
1742
1839
1709
1809
1695
1797
1838
1720
1810
1680
1889
1684
1827
1770
1734
1827
1811
1756
1620
1878
1651
1740
1886
1849
1589
1973
1713
1708
1944
1699
1885
1713
1827
1825
1629
1805
1793
1831
1743
1745
1842
1736
1931
1754
1771
1755
1807
1679
1809
1738
1781
1765
1742
1745
1750
1706
1820
1785
1800
1930
1869
1492
1963
1900
1726
1741
1980
1586
1878
1855
1806
1504
1959
2037
1304
1913
1954
1619
1876
1862
1658
1792
1935
1576
1840
1876
1724
1792
1744
1793
1687
1907
1692
1690
1989
1681
1752
1883
1517
2049
1654
1644
1956
1738
1786
1797
1667
1962
1709
1810
1794
1764
1732
1855
1685
1711
1962
1803
1758
1742
1776
1722
1903
1648
1925
1761
1801
1723
1816
1777
1791
1775
1780
1726
1792
1735
1779
1696
1940
1717
1692
1875
1670
1811
1907
1618
1792
1859
1782
1656
1832
1738
1827
1804
1757
1731
1725
1740
1859
1748
1852
1762
1763
1767
1800
1710
1863
1710
1818
1733
1730
1740
1867
1685
1879
1747
1749
1804
1729
1800
1866
1927
1562
1878
2003
1447
1752
2036
1704
1664
1942
1753
1687
1743
1822
1863
1727
1859
1789
1602
1982
1735
1648
1967
1674
1863
1730
1717
1843
1773
1805
1767
1782
1793
1720
1799
1725
1772
1920
1469
1878
1927
1449
1909
1777
1727
1892
1615
1957
1667
1769
1891
1668
1814
1723
1862
1455
1999
1755
1717
2036
1595
1796
1816
1807
1752
1845
1787
1735
1890
1641
1822
1855
1709
1868
1720
1682
1855
1757
1875
1877
1584
1958
1699
1654
2011
1637
1851
1763
1712
1730
1856
1808
1630
1948
1737
1861
1554
1845
1812
1813
1727
1834
1729
1763
1856
1589
1833
1669
1875
1748
1737
1752
1776
1881
1679
1889
1786
1683
1836
1691
1905
2003
1549
1771
1985
1862
1419
1952
1858
1702
1938
1860
1461
1752
1971
1830
1583
1903
1777
1638
1948
1684
1675
1891
1765
1726
1860
1760
1715
1923
1673
1844
1815
1774
1669
1910
1677
1723
1863
1749
1678
2070
1457
1816
1893
1673
1846
1811
1531
2112
1728
1549
2041
1757
1636
1842
1547
1792
1918
1673
1783
1873
1728
1664
1981
1637
1831
1881
1632
1813
1812
1748
1796
1788
1754
1747
1809
1748
1791
1876
1850
1727
1671
1948
1666
1876
1732
1720
1784
1790
1690
1762
1739
1818
1786
1785
1764
1620
1774
1925
1594
1861
1809
1642
1740
1786
1809
1696
1843
1745
1674
1899
1740
1757
1885
1802
1732
1798
1694
1780
1791
1781
1925
1782
1614
2060
1813
1450
2165
1945
1457
1793
1999
1720
1587
1901
1808
1763
1723
1922
1501
1831
1975
1567
1780
1880
1754
1738
1870
1780
1755
1870
1604
1898
1681
1873
1813
1698
1839
1748
1945
1517
1998
1955
1572
1949
1726
1671
2022
1458
1954
1951
1331
1919
1940
1488
2021
1650
1595
1973
1635
1636
2128
1837
1364
2008
1727
1623
1874
1848
1598
1936
1662
1673
1916
1749
1783
1789
1756
1784
1789
1825
1775
1688
1904
1818
1553
1850
1892
1562
1888
1790
1834
1727
1799
1830
1700
1886
1746
1709
1744
1825
1680
1781
1740
1722
1860
1739
1748
1715
1894
1723
1840
1778
1715
1799
1735
1828
1755
1880
1653
1852
1713
1890
2037
1462
1907
2075
1496
1897
1921
1556
1868
2033
1691
1567
1886
1973
1485
1820
1926
1616
1880
1763
1702
1811
1859
1790
1561
1852
1855
1797
1664
1733
1918
1607
1813
1865
1603
1894
1679
1881
1535
1969
1801
1609
1961
1865
1542
1792
1744
1864
1801
1669
1850
1831
1611
1888
1675
1769
1844
1771
1708
1785
1853
1810
1690
1727
1861
1711
1717
1839
1702
1796
1839
1692
1803
1731
1773
1968
1521
1886
1921
1881
1483
1796
1970
1611
1901
1811
1508
1967
1689
1716
1930
1698
1855
1745
1748
1810
1719
1738
1846
1624
1874
1710
1744
1860
1661
1865
1708
1829
1740
1884
1745
1725
1754
1730
1801
1776
1773
1753
1801
1798
1703
2006
1727
1741
2112
1585
1710
2061
1828
1584
1874
1939
1601
1770
1827
1792
1844
1855
1663
1697
2000
1727
1760
1739
1949
1593
1855
1772
1697
1852
1833
1613
1845
1855
1592
1962
1727
1770
1903
1688
1607
2077
1656
1801
1866
1600
1741
1914
1680
1915
1635
1711
1942
1735
1700
1903
1668
1829
1800
1629
1875
1803
1808
1863
1573
1753
1826
1815
1780
1723
1889
1624
1858
1833
1604
1831
1792
1780
1778
1832
1763
1611
1945
1812
1770
1642
1989
1719
1653
2059
1600
1843
1826
1737
1695
1905
1818
1535
1729
1907
1817
1617
1874
1811
1671
1817
1723
1834
1738
1794
1855
1537
1895
1698
1782
1811
1641
1768
1776
1806
1674
1864
2078
1741
1518
2081
1833
1592
1994
1828
1735
1788
1834
1687
1846
1724
1936
1697
1717
1984
1649
1805
1821
1681
1802
1848
1561
1775
2006
1725
1635
1820
1750
1845
1751
1730
1909
1774
1699
1737
1898
1569
2186
1524
1642
2067
1688
1607
1918
1809
1729
1886
1712
1785
1860
1727
1864
1652
1844
1823
1557
1867
1790
1726
1992
1447
1821
1877
1729
1761
1860
1760
1625
1938
1566
1823
1797
1667
1866
1715
1680
1935
1776
1712
1814
1767
1718
1847
1855
1648
1913
1866
1520
1896
1843
1664
1957
1638
1834
1651
1821
1831
1659
1866
1871
1822
1542
1855
1955
1541
1918
1751
1569
1896
1676
1722
1949
1619
1840
1707
1767
1786
1888
1758
1960
1636
1771
2026
1452
1884
1985
1708
1610
1819
1935
1699
1675
1900
1790
1815
1784
1651
1922
1883
1496
1815
1882
1666
1905
1706
1808
1727
1845
1673
1756
1864
1616
1820
1848
1847
1474
1946
1702
1622
2076
1636
1809
1781
1757
1721
1848
1807
1745
1721
1898
1749
1867
1694
1789
1748
1710
1846
1726
1841
1689
1750
1865
1734
1845
1716
1719
1901
1816
1626
1740
1904
1609
1733
1826
1764
1783
1726
1925
1669
1709
1892
1723
1783
1718
1796
1823
1781
1683
1797
2003
1535
1928
1757
1707
1843
1756
1779
1862
1706
1794
1779
1828
1716
1924
1676
1796
1768
1664
1927
1662
1848
1731
1777
1703
1876
1681
1872
1763
1703
1886
1999
1614
1524
2204
1845
1445
1863
1918
1659
1975
1772
1745
1590
1843
1885
1668
1899
1774
1815
1645
1855
1669
1859
1856
1591
1865
1834
1748
1687
1904
1747
1772
1772
1783
1689
1885
1706
1864
1818
1474
2040
1720
1732
1871
1794
1635
1753
1955
1787
1800
1737
1789
1834
1675
1745
1781
1822
1764
1757
1750
1801
1868
1769
1891
1590
1899
1660
1844
1892
1560
1727
1869
1898
1417
1967
1924
1491
2049
1736
1805
1738
1834
1671
1909
1747
1668
1900
1744
1622
2039
1601
1843
1843
1699
1895
1600
1864
1706
1825
1729
1748
1792
1760
1703
1825
1754
1836
1672
1793
1850
1708
1832
1802
1689
1845
1682
1813
1849
1636
1907
1624
1956
1896
1453
1820
2107
1697
1801
1780
1798
1781
1911
1766
1781
1607
1886
1806
1729
1864
1827
1571
1818
1794
1730
1844
1808
1767
1708
1815
1781
1804
1701
1843
1626
1819
1914
1540
1880
1842
1723
1652
1805
1949
1600
1815
1819
1760
1735
1718
1904
1653
1823
1822
1684
1810
1689
1683
1967
1809
1592
1941
1740
1692
1868
1777
1802
1822
1860
1594
2010
1636
1708
1867
1773
1732
1813
1778
1795
1841
1720
1841
1695
1733
1937
1713
1694
1827
1701
1728
1832
1851
1697
1899
1756
1630
1912
1865
1596
1736
1929
1609
1837
1704
1784
1802
1785
1660
1826
1835
1722
1805
1792
1827
1708
1823
1807
1711
1910
1686
1813
1703
1842
1852
1929
1518
1954
1996
1639
1698
1983
1770
1847
1794
1574
1845
1756
1793
1801
1628
1834
1836
1726
1799
1790
1709
1846
1593
1759
1958
1802
1629
1854
1819
1673
1847
1714
1777
1843
1645
1803
1903
1590
1663
2112
1795
1495
1987
1823
1575
1827
1862
1729
1703
1949
1631
1904
1757
1630
1921
1749
1737
1832
1718
1850
1780
1736
1811
1706
1843
1784
1787
1773
1761
1844
1652
1842
1860
1807
1789
1705
1768
1899
1759
1766
1717
1840
1711
1785
1758
1732
1857
1800
1629
1795
1844
1692
1776
1787
1798
1541
1899
1792
1561
2084
1589
1744
1838
1742
1806
1836
1759
1785
1723
1825
1786
1795
1767
1790
1756
1686
1790
1870
1692
1763
1985
1691
1732
2074
1668
1721
1985
1826
1472
1855
1951
1773
1603
1764
1928
1700
1803
1854
1645
1826
1895
1636
1850
1747
1745
1907
1795
1679
1817
1687
1794
1789
1779
1854
1691
1940
1600
2000
1662
1666
2000
1700
1707
1859
1756
1777
1865
1604
1859
1814
1682
1912
1794
1719
1710
1872
1748
1630
1950
1750
1766
1744
1667
1889
1703
1908
1727
1798
1743
1804
1772
1717
1870
1743
1719
1790
1793
1653
1752
2049
1677
1652
1900
1731
1716
1978
1683
1846
1651
1920
1786
1756
1728
1810
1763
1786
1660
1829
1766
1738
1750
1785
1735
1864
1733
1857
1778
1726
1782
1702
1847
1688
1877
1754
1664
1796
1766
1826
1752
1813
1781
1972
1777
1564
2161
1926
1554
1712
2028
1523
1739
2033
1812